499
47 298
47 22
252 47
51 47
47 153
47 397
47 464
207 47
47 428
285 47
484 47
47 131
23 47
47 117
118 47
47 239
174 47
47 89
47 13
47 348
47 36
47 184
179 47
47 146
47 475
47 405
47 400
253 47
459 47
26 47
385 47
47 261
47 412
47 426
119 47
47 185
47 157
455 47
47 144
47 20
47 321
47 448
47 413
294 47
47 333
47 133
47 95
47 482
47 100
452 47
47 192
47 12
351 47
47 402
47 229
47 284
47 78
47 421
47 283
47 466
47 363
47 453
213 47
242 47
47 227
47 217
491 47
365 47
305 47
377 47
47 16
11 47
49 47
112 47
126 47
47 451
47 203
47 74
47 325
160 47
47 244
164 47
47 152
297 47
171 47
47 7
186 47
493 47
47 210
410 47
375 47
47 378
47 350
47 136
47 155
419 47
47 208
47 289
137 47
456 47
44 47
47 86
47 77
416 47
47 200
47 438
47 21
67 47
391 47
47 366
326 47
128 47
47 70
102 47
47 28
47 343
487 47
32 47
47 113
66 47
47 270
47 132
281 47
201 47
56 47
47 181
81 47
47 302
135 47
106 47
47 494
406 47
393 47
382 47
221 47
311 47
47 423
172 47
154 47
364 47
47 3
401 47
262 47
47 431
108 47
47 39
195 47
47 60
47 121
47 249
441 47
47 354
47 138
269 47
490 47
47 6
450 47
47 223
183 47
329 47
47 415
215 47
336 47
14 47
47 332
143 47
47 463
47 75
404 47
211 47
109 47
306 47
315 47
1 47
47 462
83 47
47 398
47 97
84 47
47 150
310 47
149 47
47 204
47 260
429 47
47 202
53 47
442 47
25 47
47 381
469 47
93 47
386 47
470 47
47 198
316 47
47 159
47 424
248 47
47 394
47 206
430 47
47 29
169 47
47 101
47 257
47 291
479 47
40 47
340 47
47 362
47 246
47 273
47 342
256 47
47 355
10 47
47 499
47 187
47 443
96 47
449 47
374 47
301 47
47 414
47 445
47 396
47 170
33 47
259 47
376 47
433 47
18 47
243 47
372 47
47 76
299 47
47 5
141 47
47 219
124 47
477 47
264 47
47 313
367 47
341 47
47 226
47 8
125 47
64 47
287 47
47 57
47 139
47 69
43 47
19 47
47 407
80 47
85 47
47 309
47 222
47 37
392 47
47 189
178 47
47 478
47 176
47 347
337 47
47 292
47 90
47 63
47 234
47 115
47 245
47 61
47 167
47 371
47 9
47 446
47 403
47 304
47 492
447 47
212 47
145 47
47 142
47 162
258 47
50 47
467 47
47 389
103 47
322 47
224 47
71 47
48 47
4 47
47 31
47 52
47 380
357 47
47 319
468 47
47 238
151 47
345 47
47 388
47 328
47 72
47 432
47 38
47 320
104 47
47 228
156 47
47 280
47 107
24 47
47 358
373 47
47 408
339 47
220 47
247 47
383 47
47 489
110 47
276 47
457 47
47 454
47 331
390 47
47 182
495 47
17 47
327 47
47 488
47 134
417 47
232 47
312 47
47 293
47 251
300 47
47 15
173 47
47 360
98 47
47 334
47 387
45 47
111 47
231 47
47 277
255 47
420 47
254 47
47 346
47 158
330 47
47 307
308 47
47 422
47 161
47 295
47 233
47 411
279 47
47 465
497 47
267 47
47 27
129 47
47 282
180 47
458 47
286 47
359 47
47 193
47 54
47 79
436 47
47 237
209 47
47 41
47 481
94 47
47 303
47 2
190 47
399 47
168 47
263 47
47 275
288 47
47 461
88 47
47 483
42 47
266 47
47 148
338 47
47 58
290 47
473 47
91 47
47 272
47 175
47 87
47 274
47 434
486 47
356 47
437 47
47 427
47 99
47 214
216 47
47 480
47 68
55 47
47 425
47 194
47 352
47 205
105 47
47 62
471 47
47 59
47 439
278 47
47 485
47 177
460 47
92 47
47 324
47 73
47 127
218 47
47 30
384 47
47 147
361 47
47 46
474 47
317 47
323 47
369 47
122 47
123 47
47 418
344 47
47 318
47 191
379 47
314 47
335 47
395 47
47 197
140 47
47 130
165 47
241 47
240 47
47 444
47 166
47 271
476 47
47 199
47 265
47 472
35 47
496 47
47 409
47 34
196 47
47 230
47 65
47 114
236 47
440 47
353 47
120 47
47 435
235 47
349 47
268 47
47 116
188 47
47 225
47 370
47 250
368 47
498 47
296 47
47 163
82 47
