10040 10030 47713
8996 8290
235 2051
3562 3787
3410 9459
9526 3311
5780 4150
3974 8283
598 5681
8771 9951
544 5340
7445 8486
3778 4724
4560 7266
6111 7830
6586 7647
5897 3591
5641 5541
9327 6131
5550 9203
2473 2696
6846 5035
3278 8253
3894 779
690 3876
9216 2625
1070 1233
5957 6620
3846 4848
2638 477
8124 9956
3507 9223
4723 3980
71 9148
8310 4009
6705 5620
615 743
8995 3510
4288 3893
7768 2849
5473 4977
6210 6944
3523 6543
1350 2127
2604 7368
7284 3987
3170 687
4666 750
9897 7892
1861 4737
316 8166
8909 8565
2034 931
4823 7864
672 6322
1259 2551
9494 6144
2647 7469
9595 2976
304 3996
7983 2158
2845 7587
8336 1112
9004 7511
2207 8193
6319 824
9388 2523
3453 5187
3010 1382
7703 8275
786 3681
9825 8962
6390 239
3215 2431
6427 5944
8102 3518
1065 4370
5482 907
8417 9401
7553 4445
5269 583
3105 3831
9018 4616
5998 6558
4793 1987
5668 3660
2581 5578
5816 5453
7884 8971
4874 9031
2509 4270
8640 2936
3842 3573
2933 4082
8527 2219
2801 446
4276 3755
8371 5906
2423 3254
5240 4328
7988 7215
2752 868
6320 529
9499 8568
7559 4163
8433 4333
7269 27
3599 7033
1074 1070
3288 6531
6977 9600
3314 6089
1955 1212
4465 1644
5972 4377
1552 9705
533 3919
4447 4304
2831 6852
975 3905
8237 350
376 9408
6400 5465
6535 3974
465 7473
7033 9823
5872 7441
8653 306
1950 7826
2163 3078
2743 7921
1799 3714
8017 3275
87 6246
110 808
1157 1062
429 8347
3772 1532
5506 6829
4262 267
50 5970
3371 1254
1560 5921
3706 1984
5061 3509
1390 5868
9582 7803
1038 3189
9434 7558
8366 1124
2185 9544
7851 9522
1014 2614
9442 1583
1849 6519
2449 3663
4917 1899
7819 5820
7803 6476
9984 1485
7353 2823
586 1334
4522 6894
4412 1623
2747 3915
3419 2737
2219 4932
7545 1229
2811 3232
9751 6947
570 4660
6558 2159
7978 5486
1921 4337
5821 5740
8563 1865
3198 3134
10028 9148
731 7720
1595 4399
7136 3477
8409 5013
6242 9354
2545 5914
2821 9053
3672 2255
4414 3390
8876 190
4526 2351
8091 757
2621 307
3441 6613
5721 5819
3498 3428
7826 6452
9929 5093
65 4922
4235 8297
4170 6306
5318 6780
9035 6990
340 8990
9180 3408
5759 9215
9972 3666
3973 3810
383 2552
8371 7413
800 6103
2515 1829
6921 8626
3507 2403
659 6986
3252 7742
4481 4829
1779 8570
7519 3476
6884 2119
1294 6659
284 2602
6412 1225
3777 4256
1629 6794
2857 2107
3936 2428
1014 5371
7773 816
7802 4521
2222 8432
3221 1013
9582 6703
138 5000
7118 7061
3679 7021
9623 8411
9635 3963
8218 5994
2747 3371
5478 9846
2234 5604
934 9413
189 3247
7768 8707
7099 7990
9003 9989
6651 279
5279 8544
5565 6788
3769 2356
727 9243
3165 3351
9344 322
3693 1343
1149 2051
7654 9170
8543 3382
6629 8588
7254 8732
6681 4356
4305 4312
4591 5644
4147 915
7703 9869
2185 9712
8914 1432
4782 2912
3233 2039
3382 4086
6137 6926
6056 4530
7911 3750
2298 4558
3249 4500
8856 9552
3824 9930
5533 3120
4034 8414
8243 9680
9351 1697
3128 388
3299 8225
224 7910
1955 6532
3417 3605
8134 8091
1801 9472
3990 6005
464 4099
3610 7239
7129 9319
2399 7433
5807 2622
2262 6433
8129 4010
4397 1572
9797 1217
9126 7696
4188 10020
3585 1041
9132 7605
7037 1678
7683 893
4991 987
8225 8146
7425 8601
5993 5313
7935 9823
6215 1760
5769 156
1728 4304
5521 126
7822 1484
1464 4607
5647 1969
9574 5048
6726 4739
5631 6570
7556 4368
2474 582
9183 5741
1013 9899
9682 5135
6895 8948
9103 5856
120 2623
2749 790
2274 5640
206 530
2499 3737
8785 5853
551 2032
8602 5470
9837 6182
6764 6117
1818 2271
2129 5906
1001 2831
1738 1770
7626 7895
478 800
1589 7745
3345 3226
3756 3862
7599 3551
9404 6254
8286 6343
1772 9955
6097 6847
2924 1569
3839 2820
8726 4741
7571 5967
7737 9726
7581 9308
67 5322
3027 8058
1244 1656
5518 6372
9922 4999
1213 3077
9419 9286
9200 9498
6304 1151
2719 5256
8076 9227
3927 6558
2485 6761
6446 1457
725 181
5502 3986
2004 791
2447 8528
4859 3247
8246 7965
1001 4741
3986 9458
8915 379
1529 3146
8401 5178
4364 4248
766 6436
3157 8291
9748 3250
3430 9602
3548 432
1223 8931
7419 5551
8798 3669
1593 2238
6978 7003
6420 2593
2972 924
4070 5295
432 4501
8748 2430
8866 4796
3047 9514
2723 1982
1544 2754
3185 6153
5043 5091
602 4407
8076 2422
4659 9399
6362 9668
2221 1597
2521 2742
8036 5192
9692 6590
9020 8468
3223 8400
7873 7846
9828 6269
9023 556
6708 1331
6422 2167
6574 1711
4132 7024
6383 4609
4236 8791
348 2704
5445 6457
1608 2869
9458 3441
1868 1260
9660 8438
6243 5091
1319 7493
8048 6030
7361 301
2468 4715
6426 3743
726 9041
3609 518
9308 7108
9812 7845
4262 9656
2484 5217
8657 5869
7129 1902
299 484
5574 6748
4200 6541
2531 6893
7194 2208
6922 9892
3595 9662
8662 3308
3825 4321
1389 2231
36 3092
2708 1160
6376 4297
126 5191
7092 4993
5476 7254
3962 7391
3892 1010
7902 8161
329 6423
6274 5056
4677 7251
518 9869
4149 3299
5529 4342
7434 5537
6697 5565
9861 101
5292 3033
8025 9987
7200 2344
9734 3460
4470 1122
9282 3585
10007 2331
7387 9610
6821 6241
6069 2023
5322 7338
1639 178
5714 811
6375 9073
9173 2371
5403 6196
6142 4424
6767 3387
6847 3302
4423 6461
5 1276
3607 3665
3235 10011
6212 953
2976 15
7352 2240
2417 8297
9107 8991
8023 8131
461 5442
1598 7155
1539 5864
9250 7739
1000 8306
4726 6056
7331 5423
9087 4730
4701 897
1850 2281
2295 872
3112 4825
3082 9647
8597 5529
3619 2149
7590 6579
3694 4080
9943 9187
6886 5232
3498 9152
5168 7886
3268 8223
2913 2459
3355 2314
4595 7614
8485 5204
10029 6890
6496 1557
7085 3070
5218 5052
1590 664
4743 2768
1915 5283
475 4646
3758 8801
6646 3972
2155 8925
1343 9914
2187 5067
2640 4698
9902 6782
3631 1085
2641 9890
2920 86
5137 9726
349 8138
866 6727
1970 5091
9737 2781
1541 2445
6416 3454
2338 8186
8059 8571
3597 3681
8378 206
6988 6237
7322 8240
8090 578
663 9963
9648 969
9107 5800
2487 9996
5047 9972
2712 4456
6900 4743
8196 4252
2398 3276
1806 494
4174 417
623 5403
1600 2512
711 7610
8187 8921
8843 8800
9769 8850
4610 8451
8407 8836
8767 7096
1511 3413
8156 1439
5691 8411
1647 6312
6805 8089
8505 3453
8856 939
3450 9128
6698 415
9336 4161
2921 4845
3654 8139
6549 2650
1445 8263
5318 4915
8328 172
1610 6829
5200 6444
2715 7300
5348 6846
259 9519
418 3813
2901 9114
9529 3867
8028 9598
4402 8824
6923 909
3558 8056
6278 3432
8346 5003
5174 1556
8385 6634
3037 6784
4043 3544
350 5752
5230 9391
3164 609
9722 5647
9514 6065
5622 9211
7995 7502
8411 10024
8040 4877
8308 1929
6931 4278
5833 6614
3208 2065
8848 4178
7721 6244
1956 2851
2202 8071
8680 7185
2792 5365
1390 8362
7532 2266
9768 7012
6996 5486
322 8138
26 4995
9272 8630
5203 6956
9021 5064
9242 8410
4614 7828
638 6923
4953 6569
3714 2839
8204 3592
1913 6505
8771 9594
6565 9445
4890 8498
6595 3520
8514 5212
3801 6621
3536 7745
2769 9003
7373 2517
304 1970
8892 1946
8514 941
3780 3805
7397 2187
8692 1944
1497 9310
8714 7422
5880 8062
1541 3564
8776 2435
9055 14
7759 2536
1499 2551
5067 487
2457 8871
777 5371
6311 1309
5113 9290
1437 51
1995 2470
1739 89
7511 3491
1512 413
3977 3350
5785 3053
3067 2712
5248 4799
7350 785
1272 6747
5578 2377
7747 3729
5037 6354
5604 4018
4068 110
2579 7041
7129 6063
9554 4318
4731 4599
7948 1026
4078 8707
1379 3692
8491 7144
7929 6627
3333 5801
8177 9201
2889 8910
5224 5883
9900 7926
8035 787
7827 3928
9990 574
4892 4916
9514 9503
488 9622
8289 7422
1074 4566
1670 9667
6253 9564
5325 9598
8758 9586
8455 3461
9343 1607
9532 3639
4425 9203
3090 7526
8100 2212
7127 3039
2502 2951
2532 6601
3982 2990
7555 780
407 5055
4579 9224
8781 6660
6205 9903
3323 7499
9105 4619
8257 2625
1787 8597
6083 2642
4854 4877
7915 4142
7092 1941
8541 377
3366 9624
364 2482
7536 880
63 771
7430 2074
1936 8844
6303 3594
8213 5259
7884 5368
3924 6430
9072 9671
4507 10006
4108 3885
5826 2382
2758 1159
743 4326
6808 6123
7003 1107
1877 4304
6378 7066
5869 9306
2860 8314
3532 2132
7499 1032
7462 1376
1006 1382
1348 6493
338 5512
7894 5455
6614 6163
449 611
6734 7357
8463 7257
1521 3696
721 299
9605 7898
6172 6590
8721 2424
3456 9703
1038 6180
7561 877
7369 2044
7555 8909
4323 7706
3829 5409
6019 897
8253 4278
1495 2713
6409 6675
6974 3015
872 7130
3680 6538
8961 7043
6706 2360
8540 2376
3252 7744
9787 6061
4929 581
8287 7302
2670 9252
108 2076
6353 8689
1361 8361
4995 7847
822 7770
4859 1929
8466 1693
8736 8538
858 7387
9763 5402
3105 9397
5417 2974
3555 2851
113 306
9557 1801
3876 2782
1431 9665
7985 189
8036 2792
521 2940
4868 8857
510 5380
3877 3294
640 9245
4606 4735
4091 362
3336 7711
522 9508
9813 6890
8691 634
3416 9330
8954 2526
2715 4847
7638 6899
9838 710
9567 8158
3497 4666
7959 36
9281 7374
2068 8598
8959 3847
1517 6159
5627 2255
9144 2038
2672 5400
4689 7794
280 6088
894 3603
462 2994
3704 8531
6649 260
4925 3230
3266 106
7479 2844
1401 2506
6352 9547
5666 320
2574 7868
9906 1253
6652 1678
9471 2537
8624 1301
4904 9751
2705 9518
8008 5366
5625 6408
9638 4616
4722 509
3353 2863
5368 2161
1668 4753
5073 1679
9547 7333
8586 7647
9324 9412
1909 5198
6498 8755
8466 493
10010 1362
6727 1130
7538 7978
2554 2311
2820 7135
9998 7275
9435 6172
885 5325
7004 1062
8395 5958
3564 6510
5882 6940
2097 2848
1563 7791
8283 8595
9957 10028
1118 8253
6190 6643
8954 8655
5749 8743
5977 1734
7906 5706
991 5372
6433 8791
4708 7994
4464 4787
1687 8272
1079 306
8096 3784
2338 2642
2630 6338
4550 2254
8897 3747
2361 700
9442 7811
9545 8110
3775 5379
710 7410
6160 4766
2720 7143
1890 828
9099 7184
7489 3576
7359 138
2780 5544
1842 9697
1911 5409
9155 6392
7091 767
8578 1475
9584 6493
1832 8082
5451 3319
8085 2541
9683 1571
2399 764
7947 1533
5108 1457
1595 5396
900 2427
2083 4374
9783 2741
9133 3993
4760 8897
332 6184
2637 3297
1338 9916
3195 4468
7008 6789
8360 1239
2003 6651
8184 718
2175 9950
5305 3251
5678 3769
8143 6204
8945 7760
1713 7885
6741 8038
4181 6472
9769 7073
6948 6818
1245 1066
7855 102
1340 8253
4864 6174
6892 3342
3251 3007
6258 9066
2795 8556
4719 1895
9655 897
8782 3624
1621 1327
7799 5483
2515 5802
2579 7527
8593 9462
9563 3824
2036 6408
2541 862
4204 6899
9906 9432
8458 7455
5970 6123
8018 1212
2108 649
4272 7632
8958 850
6332 5893
1654 6717
4203 8846
8267 4233
8056 2756
9163 7790
8652 52
6951 1663
1055 2815
230 6816
2899 9513
684 6199
6847 876
8507 2792
3641 1079
6971 7425
4101 9972
8778 8625
2817 8303
1018 7004
4754 833
884 141
1803 3365
6179 7834
4610 2858
2331 6409
2567 7508
8383 3014
5806 9414
452 6850
4234 9446
9378 7423
6007 8334
6597 8115
5079 8823
9655 7615
7755 9832
3156 499
8333 9558
2376 9335
5703 2902
369 4706
7719 8270
7644 8752
5561 3485
2890 8095
5478 9794
8088 2228
303 1444
227 4644
2218 5381
5173 9882
340 9973
9490 8329
7623 8672
1533 1825
6530 3286
1516 1902
614 4209
7693 9159
7214 6174
5928 543
2771 2651
4095 3976
8619 3073
8454 4321
4162 797
730 3586
1874 4501
3133 179
2003 9497
2743 4666
6567 8533
2702 4259
3377 7180
3314 355
898 551
3202 9242
3177 3668
6740 7296
1576 1756
2553 5153
8738 5738
199 3282
3460 572
29 3331
7996 5463
3956 2771
7029 4523
1663 6657
7012 366
917 4976
4177 7909
1536 4118
1374 7354
9109 8276
3388 2949
8687 1621
4902 2086
2658 8885
2175 8362
3784 2686
5457 131
4653 7739
4356 2445
2811 6316
1251 1328
9236 3727
7844 5428
2741 732
9007 9217
2126 1810
3430 2355
4441 772
9656 8331
6652 7098
9784 1791
1921 396
8135 5200
7645 6574
2849 2451
3778 415
4141 4100
9528 2973
3705 1945
1121 2229
4038 2671
4019 7467
5758 9466
6524 3635
5425 2370
2765 6267
1426 7346
3879 860
3310 9070
9485 6728
787 7087
20 3585
5529 274
2502 3725
6395 6650
9897 6539
3966 1380
806 3875
7510 9723
2052 7329
3556 2894
200 4817
5676 4981
4011 4078
766 8985
6032 3456
7040 1552
1826 6052
9776 2529
9179 4328
827 6131
7511 9036
2871 4793
4475 8316
5605 340
3234 6527
1303 9160
4101 3433
7510 6979
5924 8112
1527 8276
9827 1915
7967 8567
1056 1613
5941 7702
3793 194
9230 6767
1519 1263
9579 2060
2399 5994
2481 5143
4262 5632
9064 3784
722 8363
6434 6534
4769 6645
8560 7960
6487 4556
6169 6486
4148 7542
7736 2069
8836 7940
9203 6925
8985 315
6309 8741
3843 1343
6975 8789
2532 8105
6427 5999
2493 3253
9898 2821
741 7262
1778 8417
4863 7227
4728 7946
10015 9010
6910 2423
9348 8810
9125 6072
4773 8292
9635 5393
4141 8616
6681 6570
2529 6672
9925 3068
5888 5021
2242 9783
8159 6628
3814 4020
1925 2981
1951 8542
925 1899
669 8861
4893 232
8524 9793
5145 9665
8240 8118
4648 9286
5918 4881
7948 7176
2156 5802
5544 3795
382 4398
8417 3663
6644 4196
2698 302
2200 8595
7415 3622
3854 2868
2621 2267
1892 2337
415 7765
7010 92
4972 5062
2198 2887
8689 2879
6673 4354
8752 4193
7855 7055
1211 7129
7430 4459
3013 3908
7529 9630
2458 388
2655 1343
3679 5078
2803 4546
4638 4094
9156 9812
2659 9609
2447 1313
5667 1307
5500 9120
6135 4378
1466 3314
7773 7345
1213 8896
8485 745
1133 8742
44 903
5980 3787
8332 3723
7816 8782
8554 2929
2498 6932
8245 1172
2479 4945
4025 3871
8248 7978
1252 119
7464 9713
8568 9025
9769 8677
7378 7013
7915 862
4648 7422
1104 3855
2596 2940
5869 8920
5811 1110
2282 8366
3270 4015
7886 4760
2698 7295
7413 6093
5766 3950
2934 4837
3473 4294
1266 2663
3524 811
8232 9181
2995 8172
1071 9336
8215 5590
6700 6939
5265 3986
8001 8981
3701 8535
5789 5846
1899 6398
308 3162
7998 7664
1917 3242
5904 1431
2241 3182
2322 9428
7559 432
9767 5317
867 8630
5529 7942
1887 7566
6506 753
9288 9888
5694 166
6564 5036
8197 7592
5215 6872
73 6155
7585 7132
273 5977
5365 9825
216 2595
7912 2884
1473 9983
7884 8778
6303 7001
7754 9771
9619 2769
2934 7001
1997 5272
2824 9498
6329 153
6308 8038
5129 6402
2338 3852
3637 5402
7997 7702
545 3853
3795 5868
4605 2018
9018 1639
1370 868
3636 6732
3692 948
6220 6570
6027 5688
5841 9043
7041 2316
8717 2108
5960 2130
7532 1015
8717 9596
3408 5488
1316 9262
1239 7203
8841 5921
6788 217
6948 170
1118 384
6953 600
6288 7337
6339 2940
5255 2088
4196 3340
5469 3932
4947 116
9712 2960
8448 3623
2844 3079
242 9764
5644 4082
4299 9082
9252 2392
2775 1206
1805 329
7666 9728
2627 8092
140 3965
7304 7882
1774 4336
4451 2733
5692 6720
303 4122
7201 4100
3823 3147
7229 7443
6485 9467
1819 1487
2692 5696
6025 4593
4281 4497
2549 3650
7615 6907
4749 2689
7024 4878
7610 6522
3202 1435
5557 3262
7361 3504
6650 2718
120 1144
571 3838
5324 6604
2260 2389
6982 8016
2473 8284
1894 1222
8128 5022
7710 9508
4346 2836
9358 4694
6128 1916
5177 2519
6023 1645
4362 2498
3642 2632
6470 4482
1045 4212
6600 1754
9769 3304
1548 3541
4762 2202
7223 3442
2910 2850
5686 4892
9585 7255
9170 5003
7522 5673
7318 4307
6804 3504
6136 1639
6121 405
4617 2565
4318 7165
429 1176
4717 4047
6248 1977
5418 9479
2289 3430
8321 8327
5541 7975
2937 7866
3499 4671
8977 419
3922 776
2414 5741
6146 17
2581 8534
5659 722
1898 6899
905 6088
8064 6615
6054 7152
542 3441
1728 8342
6276 8862
6688 7269
1899 9213
9631 146
921 836
6576 3513
3530 3335
1829 2682
3404 6110
2969 7488
3535 5302
1876 3873
985 1558
4999 7929
6231 1527
348 6727
3955 2466
1639 7036
7181 5854
6689 1230
4742 8102
1396 3225
5906 8271
4341 3224
671 9310
4571 7309
1142 4206
5764 6446
4335 2127
3653 723
7449 525
2991 4001
997 1363
7216 4629
5858 8177
6239 3865
7089 560
8830 7634
818 2955
2224 3131
400 1489
5695 6794
3668 1418
2140 7534
8058 7321
1282 9588
911 1009
5637 2278
415 8126
1950 1455
2014 6653
4247 9039
1953 804
3934 5064
6553 4176
930 4333
5874 2207
3624 4129
1622 9541
6822 5764
5311 9680
648 8103
340 6222
4307 6285
7740 754
7406 6257
5255 9753
516 1612
6676 7207
1343 4449
8781 3189
5395 2273
6401 4614
4115 9019
4742 8023
7663 896
8999 13
6234 8311
4556 9338
51 501
6757 2255
1967 7457
9069 1972
9179 2483
6931 5705
8893 481
2753 5672
246 4247
3226 9154
7137 4361
5257 7967
7980 4759
3029 4215
3512 4174
4674 7584
9838 3563
980 1391
3362 1765
4247 8
5713 2500
2981 1138
6809 4565
8812 5734
4847 7055
1375 1997
9964 1944
6702 6631
805 7903
2036 9731
7275 4317
7879 6710
8100 7073
8837 8859
8866 1421
3920 3044
4181 4538
9103 6901
2594 950
8005 7874
9870 7441
9384 9379
5970 9793
7656 6046
5736 6775
1051 9691
6360 2971
3 8930
7748 4420
5840 8840
1843 6574
1072 9760
6620 6024
6974 134
8007 9214
6614 4938
4277 7836
7589 5958
1963 206
6980 5204
4855 7698
628 8031
6920 1175
5594 631
9470 4627
1161 1394
1113 1273
7296 2232
2365 7733
6906 4230
9167 331
8167 3480
9437 3403
3609 5715
879 1359
9057 549
8580 5733
6908 9684
274 5459
46 2461
3855 9744
976 1206
3438 4968
2660 8272
2462 5802
6133 9566
3006 1588
4991 4259
9974 2402
3761 8600
9149 813
6546 2777
2421 7688
3107 3413
5874 2695
2398 3152
4358 9728
4655 3374
1606 7795
3557 7315
6841 4067
5655 9689
3908 9846
2207 605
9205 3841
4653 5968
8744 8313
5960 1158
4571 1124
3818 9066
2178 404
92 6216
9590 6536
4291 4747
2021 1155
5221 7847
7496 8861
8667 835
1440 1363
5204 834
6801 604
8917 9857
974 5504
6628 4837
3862 5545
5948 406
6622 6040
2535 6040
746 6171
7325 6826
4633 2766
1587 2506
3341 2088
3450 213
1047 4780
5384 8654
8470 7847
3311 4261
9097 9444
4948 9938
304 2918
8958 856
6895 6925
3055 1453
8278 7640
366 340
2846 2870
4958 1953
2166 6186
926 8408
7021 3212
1018 6309
530 5450
4853 4328
4226 9626
2504 9801
616 4529
1414 1421
2874 7511
5110 4468
4808 1111
3981 5476
7428 7653
3798 8939
7306 9593
2765 4723
992 4287
9736 3782
8110 1521
1107 4549
4310 2296
6824 3610
5031 4925
2396 8237
2665 7904
9015 7506
2941 7473
5085 2956
1854 329
9922 8883
3566 9160
3406 2646
6428 4557
6078 3102
7651 4498
6793 7184
754 1920
6845 3577
1774 5784
3648 9240
6705 4439
1871 2622
5578 9646
9974 6956
5798 7431
6551 9856
2462 9363
3880 9956
3017 8889
3347 9957
7101 627
2547 99
3676 7855
3599 9391
8591 5450
9888 7246
9868 5255
4861 1719
8674 5405
2796 4794
4610 4432
3754 9346
9262 7071
5920 7634
7551 2238
2865 9266
9365 4611
2426 5412
4762 3001
8450 6024
3229 3312
8567 8298
10016 3057
8461 3387
8181 8650
3041 1217
522 2750
9821 6795
4388 9783
1981 5700
4925 1898
6509 4846
217 4249
7250 8934
4918 4979
8290 5659
3916 8146
1163 6817
163 3892
2501 9623
799 8344
1053 5542
2296 1321
1063 833
6532 6684
8581 3044
7889 1417
5666 5050
3944 8106
3044 2875
8533 8861
6966 1293
8110 2409
6300 8128
7711 8272
6575 8801
4302 8510
9830 7628
8461 6598
3241 853
3897 4953
6369 1782
6831 1745
9850 1995
4869 734
9594 2854
4147 3362
5771 6520
4608 2216
447 2030
790 2279
748 7022
4609 5092
1649 538
1391 3029
7981 4889
6671 5287
7031 4310
6304 3462
4195 6841
9695 1133
4494 3749
229 3801
6016 224
7115 6463
3444 3044
8135 7863
8400 8052
1041 9784
4632 9791
5037 9022
3291 1263
4724 2028
8869 9595
687 8919
2627 8523
2283 5181
5405 2855
7691 8298
4720 7658
662 4766
2588 8164
6176 8796
8540 948
698 7216
6197 3131
4394 5735
7762 9488
9042 9117
7995 6591
5073 9729
4869 582
3437 7356
5614 233
7891 1087
5853 294
8457 8552
7308 8441
9388 4592
1768 5807
8938 46
5780 7965
7412 3291
2368 3502
52 6414
6102 322
903 5125
2440 930
1163 4340
5426 8053
8347 9053
7565 1239
9679 6763
1315 4832
599 9027
9072 3082
1006 9537
2788 4812
8314 8418
4791 5155
5477 8366
3450 852
1782 6380
679 5890
3903 2944
1957 6105
7343 2209
4313 6982
5968 246
3327 4911
9811 4333
2710 7195
2309 8084
6409 7501
8353 7785
4125 9859
5708 95
3038 4803
867 9610
1778 4995
4475 8210
5151 709
954 8788
3658 1078
6077 4281
8614 8065
5220 5847
3891 1284
8784 7528
5273 260
78 7097
7191 9397
4159 5785
5354 189
5183 5026
3196 7132
7840 9658
8405 8346
9424 8794
3034 2023
48 5460
1267 1607
2891 5267
2755 5158
5417 1634
8731 8027
7384 5494
1238 5881
6070 1503
6528 6591
3682 1213
830 9723
8029 1482
235 9235
1218 7412
2832 3269
4876 1265
6532 4099
9256 7766
9400 9286
7273 4632
85 8090
3931 4616
6118 1322
7913 10000
1172 2606
2289 1555
3036 2002
1197 277
7689 3271
6540 2414
3679 481
4579 1376
9141 170
9456 3794
8425 8501
6551 6689
1264 8509
9831 441
401 7382
9988 7704
9258 1573
3574 2236
2513 2254
5525 4771
7184 162
642 2024
3400 822
992 5220
9014 2501
961 408
7096 7398
5867 7511
7952 8360
5701 5658
3321 8352
9924 5648
4792 3458
8228 357
2300 5371
6193 1160
6380 5699
8199 7185
7592 5353
2711 9160
6630 4647
2966 8577
4195 4542
2853 8667
4275 7515
13 2737
6194 2118
2475 4804
5079 4382
9753 2993
4152 7379
3037 5905
3049 491
5844 1196
315 601
5247 8554
7091 6945
1446 8212
6838 1245
8760 4298
7034 1072
3190 8772
3535 3188
7569 5664
8656 8614
5952 7282
3147 2768
3259 8989
144 6195
6795 9102
7616 459
7403 2002
173 4666
5911 8848
3106 7011
8083 4630
3361 100
3287 1232
5470 816
8097 5512
8279 1382
330 1203
7398 1497
559 474
932 4153
6155 8174
2800 8334
7142 6328
3298 8710
3300 207
2572 6661
3517 3593
4409 9467
4938 8986
327 2466
3669 3177
4673 657
1130 1026
5179 5232
3365 2061
355 1293
7621 6164
4834 7496
7703 878
2218 8134
4754 8008
1560 4789
4216 8270
7215 5969
8434 9154
2290 7542
8198 2062
3088 6963
2155 9327
1348 8266
9559 5519
1643 1703
9199 7139
8017 6477
4570 6861
4828 194
4983 9323
7553 6388
2316 9199
8313 4728
2229 710
2771 562
7525 386
9713 5858
4084 9679
5158 1021
2723 3603
701 6800
3237 1882
8742 8718
8912 7806
7088 3530
9918 3855
3013 4600
2903 1285
1847 1516
1491 9372
9010 1575
2595 5574
9176 4128
888 5318
7199 9877
8554 4124
1889 5901
9430 7426
1240 8977
3537 9308
1461 4252
5537 2824
4339 4364
10037 7383
6714 6240
7814 1487
7061 5684
9812 369
5686 6196
6033 659
4782 2845
8746 4546
1931 6671
5607 8136
7403 3170
7422 9143
1926 8864
3187 2918
260 6265
2465 3184
4671 6974
2618 239
607 1691
7887 2389
3047 6293
9138 3879
8425 7829
4459 7843
5938 316
9169 3300
3784 1054
7319 5311
8494 4044
978 9783
10021 3124
4815 3595
5984 588
6880 2661
6539 9030
6819 5978
3780 4923
5238 1238
1263 9717
2977 8723
9590 391
1445 5100
371 3333
7377 8764
8506 8864
1948 8355
1910 8487
9074 6762
9422 7893
6883 5914
1851 5921
803 3661
4899 5630
5307 6041
4723 6161
6552 8284
3344 4272
7605 7997
6720 3714
2537 4942
3256 5186
3632 4485
1206 5165
3018 2666
8580 588
6508 9900
3521 390
6020 7311
3311 8419
4539 1287
9570 8033
2265 1051
9048 2873
6586 9870
4771 5727
873 9123
3567 8027
3152 4505
7170 4773
5360 6169
6029 5710
6099 1828
9138 9549
7927 2079
3365 2408
401 2426
3476 2895
5767 2666
2495 2483
8210 2313
1396 7266
5252 9083
3547 4963
9735 8404
4532 677
6386 5055
6883 520
4523 5980
8388 7955
340 7888
742 8789
1414 3816
6298 6509
1133 4468
3510 177
5139 6385
4748 7057
7733 4834
9888 9280
9800 4078
6522 6730
2670 9828
7743 1005
8892 1017
9805 8082
1857 9633
6101 1178
5086 8155
2583 4882
5059 6219
2564 6093
3109 157
4991 7312
6552 801
4879 4838
1528 6311
6099 1360
2364 4197
5214 3801
1843 1215
808 4979
6157 3699
1814 6908
1750 1202
7421 4396
448 6809
6966 9985
7256 3556
4357 1916
6754 3767
38 9235
554 8281
2438 6136
9937 2918
4133 7651
2589 1739
5438 4940
1808 8745
9947 7252
1607 3558
326 7328
7272 2055
5611 7291
9207 4487
8254 9967
9161 5920
4160 8291
4387 9715
2593 6598
4208 4284
6023 6725
1625 6797
5502 1420
8672 3433
6990 5409
2696 239
2293 7316
4567 9967
4414 7903
7830 3733
9652 2627
877 6951
6625 3772
329 5264
9547 9218
5903 4537
6949 7527
919 6795
2163 5580
5818 7909
5184 4858
4784 8111
5974 9751
3443 9198
1784 3763
673 3055
6826 2661
7924 7298
6476 7155
1651 7431
2919 2338
9865 2943
5408 744
8652 1859
6717 1186
9296 3796
3506 1461
618 5230
8992 6949
10003 2401
5061 9665
6923 6789
3903 2945
335 3359
5696 5553
8496 3254
3082 5520
6264 8193
12 8489
9675 4875
8671 6728
8188 8931
4120 2137
9085 8806
1166 3072
5796 6227
9172 9619
2937 9699
5212 9507
2721 8633
4113 3667
4251 336
5210 1831
8558 3885
2775 3841
5977 6706
5471 6895
9966 5021
4029 6637
2200 9825
9483 1956
1422 5137
3729 4654
8321 4142
9943 7841
8176 100
1930 4154
8038 3346
7186 447
7153 773
7667 3122
8143 2584
9220 7592
173 2131
1915 2004
3959 2373
7509 1358
6012 5380
9521 1197
9038 4292
4391 9424
3537 7174
479 6320
6767 1535
2308 7665
747 3880
6463 9975
980 5642
7646 7700
32 2895
4253 1564
6943 7540
8737 224
4516 6424
5808 7735
4868 8906
5186 9345
840 5346
2971 1913
5793 3147
3082 3717
2566 2215
7857 568
8267 3546
6440 5462
7025 8299
5798 653
876 3928
312 4495
2189 5392
4257 6119
5423 7057
2363 9443
1316 6263
9410 5333
9049 7108
9323 2451
3019 1575
5120 7139
2561 1245
9543 1520
2172 9585
3473 5301
9796 3048
8439 3784
9903 1945
9001 2656
2059 5286
1508 1323
6655 3374
442 877
3328 5664
7238 9764
6863 6346
7590 2318
3837 9423
8967 7093
2354 6009
9056 2400
6184 2109
4053 7454
69 6046
1292 3013
4336 2128
5501 2799
3676 951
6614 5943
5666 7003
3308 3812
6130 2488
1871 858
7951 9966
5934 797
3197 264
2373 4949
2363 9380
5386 6425
9438 2432
4559 6677
9475 3734
4684 20
5962 3111
73 1258
5070 1588
4076 3381
4239 1159
1085 5946
6743 2149
2413 7018
1927 9940
9279 4785
1170 4290
6721 4625
1261 568
4301 1240
1259 696
3806 8984
202 7221
8809 3879
7259 5271
6430 2844
8790 1457
3606 7514
4491 5493
5392 6018
763 6418
668 4630
9254 1932
2499 7389
8628 475
1170 6800
5744 9887
7068 4976
8854 5945
1176 5836
8680 6073
7530 7605
2882 1095
7113 9569
5947 8273
2863 7875
9807 6614
3962 2077
2551 2265
9065 2549
2396 3721
8696 4768
672 9463
5259 7510
3543 1847
9452 3899
1288 1032
2127 4489
4017 4169
2402 9240
7075 9963
6536 5264
7341 6841
9106 458
3007 9892
3572 8130
2857 5402
4825 2228
9738 3529
5376 43
3942 3240
4272 4787
9275 5229
9398 6399
5598 3252
3175 1759
7023 2632
9472 9711
128 4323
4175 8537
6627 3134
8536 7746
2971 3320
3363 9671
2871 8346
3093 7304
2492 7142
3500 2327
5579 1850
3609 9098
1689 8753
8424 591
4914 1121
9658 8551
1645 9088
6794 6244
6358 8657
6963 6822
4085 9228
6330 15
2342 6577
8426 9829
8886 7920
6633 1994
2585 535
1655 5016
3527 7499
6547 1272
7516 5172
5311 3300
10027 3161
5552 6344
5532 8740
8754 9637
6173 1821
1610 1055
8975 4559
6553 456
990 5568
543 9138
6596 2645
3917 4070
9241 3102
6402 1392
4552 4512
3241 6388
2692 6329
5029 8793
8389 8223
3 3743
4797 4522
9080 1612
2067 3732
9299 5593
4690 3057
5701 9842
3871 1246
4347 9617
968 3072
7583 709
7096 5520
1809 784
9576 9787
7970 6837
539 7924
2406 7972
9584 5336
9068 1445
7038 1611
4668 8326
8128 1687
2933 328
9945 1959
5030 7280
7988 873
6392 2572
3356 5043
4790 8201
4997 2891
775 2719
651 5536
832 3180
4625 195
1806 9899
8185 1622
3309 6473
6801 6273
8231 6241
3480 6705
7577 3220
5792 1428
6470 3929
2089 9147
1998 1220
3939 7086
2581 2772
5952 4589
4783 3413
3272 536
2158 6589
3021 1417
7689 5467
1668 9821
6486 5880
9099 5148
6575 4022
7951 4851
3957 3005
4224 10039
7084 5954
8726 8162
3038 4637
5173 7494
4042 6309
7726 7331
2757 7062
6843 5374
1213 4424
9571 3288
7309 272
5122 6106
9110 5219
5218 9079
4992 3293
1415 2261
1886 3678
8315 4125
1578 4923
1191 3447
738 5619
2640 8916
4250 3494
7918 9482
2730 5463
5735 7449
3514 10039
9895 2583
5876 395
2656 4846
8524 7290
1375 4541
9463 6798
204 2952
8571 614
9530 942
4435 1171
613 3740
9202 2313
9761 3342
3340 4896
5712 3235
5818 8557
8951 5566
372 1653
8943 1566
6106 8896
5653 278
6142 5857
6798 1760
2930 5631
9370 1193
3505 3543
6884 8532
3388 3226
6460 183
8740 9100
4626 2237
3890 7651
9216 4998
3853 2793
3070 5282
771 9506
5322 6299
8058 6912
2503 2079
4490 1833
325 6776
10001 1334
2772 6421
8657 216
7866 7397
2354 2507
5299 7042
2283 6207
5672 8368
4627 3054
9965 954
3033 2645
3592 2428
4261 6304
3039 8082
9415 4585
8297 3000
9420 891
1106 1028
8425 8037
503 8972
5973 739
6945 5801
4129 8256
1269 2577
3530 8756
1360 1193
3621 6562
2825 4952
2993 7882
2426 5864
8863 2368
3259 683
1711 8243
6239 4364
3296 95
833 6742
2503 9268
7483 7778
315 6631
5346 8751
9944 3844
365 6706
1617 3524
1366 3190
4474 7876
6078 196
4560 6184
6279 2277
7082 7112
4849 1480
8111 4524
3235 5164
9007 3417
82 3138
6662 9372
2521 1699
6308 8027
9409 3245
3441 6251
2395 5447
7723 8000
5814 8673
5745 6701
8180 2856
7379 554
5717 6251
9667 574
3711 4683
4014 9748
1407 333
8359 6535
8069 7714
919 97
6348 7438
2845 4359
2318 8742
7375 528
7228 8132
947 3079
3632 5368
1578 8326
8899 9349
3991 1204
912 2570
2902 8005
10032 1221
1317 2528
5269 7664
6366 2770
3297 7587
5679 3700
6779 484
5851 6625
4911 371
9719 7429
8633 3770
6339 3670
1635 9544
1822 9241
421 6134
8662 1814
2724 1738
1316 7992
5539 5726
9426 4612
5096 1177
7802 6165
8335 2672
6442 6215
9884 6927
6431 2740
1940 1478
7611 8252
25 2361
4098 6233
4779 2749
701 3459
9185 6095
666 6239
7416 8571
4695 5762
6668 5177
7849 1191
7405 4962
1849 4250
6990 7248
8726 8279
6491 8930
1250 6296
2489 6516
9264 5348
8806 7267
3321 9964
6162 7950
6481 3987
9748 3538
8715 1136
2326 6375
1297 6523
733 9730
6938 3145
1383 7723
6612 5623
1879 7873
4348 7862
1593 3571
3494 1936
9886 4914
8900 9656
3154 6326
7461 8608
4942 1828
8351 9786
9476 6238
9382 9083
6766 6373
8597 3338
1160 3833
8200 2905
6264 9792
9586 6110
2395 3526
2093 2699
4526 9856
9601 7035
3233 2836
1879 9036
5369 2575
3299 8644
1942 7323
1116 1856
4761 3101
7430 9315
9067 1196
1126 3654
9763 3693
7218 671
3369 2117
1932 9311
6305 7894
689 1493
489 9538
2072 2568
1172 5857
3140 5371
7227 3113
6213 4256
3531 1947
3143 3602
7255 2557
6249 4268
4938 6977
9094 3427
2697 8306
6160 986
2479 9002
8499 6849
9416 2967
8824 531
5901 547
3659 1924
6179 3087
5034 9872
2226 8176
2404 648
7625 8475
1862 7341
5607 6678
7664 4558
3520 1726
3069 1978
2509 7950
8497 1852
3776 8409
1456 2115
1947 9954
4625 5379
6027 1809
244 7028
4329 3611
248 2105
6663 9935
1621 7912
8013 142
2120 155
2893 4628
2997 6561
8676 6668
6582 4453
901 582
5961 6165
7973 5526
2513 1947
5557 8217
6736 5805
3676 6944
7086 8357
8511 1648
2689 9206
3794 6576
3096 5581
2209 6791
1203 1732
2313 8790
4914 2103
7629 8274
180 2847
1023 101
6942 5737
1501 1304
8248 3638
1954 5176
6824 5294
4459 425
7000 9512
1787 7261
6010 6205
8308 4100
2333 884
3731 5896
8249 4753
6057 2899
4885 4265
9559 8490
8914 1669
1141 3977
2190 5874
5929 6193
3414 7192
3357 7716
1776 9424
267 1624
7520 4109
6621 3997
8750 3476
6374 4830
4539 4767
9032 2870
1319 9424
1052 8550
2487 193
6066 2192
8385 4676
9671 1758
1141 5184
6808 1406
5514 1408
5405 4288
7764 2095
6924 4115
8882 4097
6967 1423
806 7873
6383 8286
8478 1857
4049 8869
3505 4503
6458 2393
4151 5333
477 6088
7493 5292
6700 7284
1532 2967
5062 2064
6179 9295
3352 1945
3367 5020
2853 278
8563 4173
6029 9235
1463 37
2430 1529
6861 7921
3968 6581
1832 7338
4388 8531
555 6113
5367 9449
1354 6733
8995 4720
8893 4565
3760 7518
4478 4881
4918 1784
3312 5941
3821 7348
3888 133
7470 7789
9210 5719
4210 2011
8123 3557
2966 4764
2127 4319
9039 3169
7734 1081
8599 7891
2732 1453
3236 3036
8977 7649
4957 6548
506 8844
4523 4111
6122 9716
3233 8732
3456 4204
7653 6198
476 4912
8081 9780
820 9515
7365 5774
7226 9419
2415 57
7705 422
6970 1351
4108 2621
1425 3611
7721 4614
4289 5947
4639 3802
8006 7522
2966 5619
5358 4155
3629 1007
6780 6178
5556 954
1010 3966
9321 8715
1296 1317
4927 3389
8002 2720
8667 2608
6409 2251
9772 3265
9993 3411
7565 4285
1448 1154
2108 2031
4934 3118
1793 344
1661 4214
7602 3088
5808 6587
9195 5564
7815 4434
7699 5564
9938 7546
3262 9891
5161 8481
9635 8553
543 6609
3572 1703
4820 6539
6883 8505
2679 6612
9700 8543
5090 241
5804 5467
9901 4244
9807 3578
1084 7559
9555 2000
441 9798
8310 4676
1244 36
1738 8853
5352 4816
3281 6558
3129 2194
696 5959
6199 2789
8256 5785
10029 1963
5540 8116
5635 9795
9459 6624
8623 2131
1889 8974
3610 9064
9099 158
9011 4854
9669 796
7353 4322
6516 2910
8868 442
3230 7211
2956 5027
6990 1446
9561 2944
2699 2490
9113 5156
7287 2118
1052 7696
6719 9175
9333 4661
9514 5777
6573 8303
2585 9143
2012 3886
4327 9100
6271 840
5867 7557
9002 9226
2130 2816
5305 8523
3639 4828
2032 885
19 7996
2617 8751
4487 9351
7614 2090
1193 1020
4905 158
9258 3204
4043 9232
6748 5488
4673 9910
2685 5710
4193 6803
1590 7990
2326 7832
8716 8535
6491 4358
3068 8735
8046 9108
1157 7555
8575 5619
5777 2349
5553 3439
2630 4994
441 9596
9465 9378
5048 5114
1876 2110
59 9241
7032 3466
1961 2385
6742 5707
4402 8452
7519 9810
7325 2407
8025 8676
985 5859
9297 3761
8755 6537
6092 1887
1225 9195
4269 5517
7626 6272
5473 6144
29 2464
8171 1530
9981 6771
6540 2532
4939 7460
6095 3824
9683 2924
6685 7079
3575 8939
786 5399
4553 9667
5144 2010
8282 8821
373 3715
6178 4494
6024 402
7172 4309
3384 3671
7495 1739
4662 9478
6517 7137
6036 1306
6705 51
8832 1218
10039 4821
7550 7074
9417 7923
1194 5400
1325 5455
9126 8034
9773 4708
4146 6581
3678 4395
5701 622
673 9714
6495 2365
3582 350
5171 5287
2320 3580
8503 2680
563 3067
9992 7879
3239 8887
4302 1145
9270 3388
9968 8911
3265 3375
3997 3606
3279 8965
1290 4669
5018 9774
5020 4871
8450 149
2829 7339
365 6912
4751 3391
2237 316
1461 7989
2511 6539
9926 599
9510 1741
5116 9853
3419 2734
1659 9112
3740 6697
6431 2948
7819 8758
8906 1410
8749 6229
3101 1695
5086 9114
9430 7851
5800 7323
3821 850
1448 8310
11 3706
3519 917
3651 5126
4197 6937
3593 5310
8257 7937
6655 10023
1393 6036
9215 5324
3135 2260
9582 8604
9453 8934
7204 3362
7067 861
2300 545
7481 5429
698 6497
4393 1034
1017 8955
4950 1007
6527 2409
2510 7173
2456 3701
5961 1685
248 5590
4484 5502
8863 9701
521 1647
8860 5890
6435 2299
7727 1120
7616 3875
4909 8424
2975 5925
8334 2247
9420 9502
3163 804
2488 1835
7425 9123
4585 2736
2396 1869
3515 3407
9297 2917
5215 2335
3454 5691
9566 2901
1285 1029
2998 4435
319 8622
829 5972
5434 8653
9457 208
2043 8596
7679 1905
4640 9468
1296 2223
9952 4811
7145 4886
537 5126
8027 559
1588 63
4497 9312
7893 4585
516 4816
3429 8722
4749 932
360 2144
4366 9389
6384 1655
6466 9995
4841 6295
1381 3570
5441 9408
8679 5716
260 9938
5213 776
6725 8142
946 4102
5034 1190
3334 5695
5043 5393
7048 7699
7654 1387
7682 3473
7043 2455
7832 9062
8430 1131
3130 7069
3560 7106
5944 8773
2835 4566
5756 6890
2544 7868
3221 9089
8974 229
3702 4361
6816 6615
5637 705
1835 4608
7840 4026
1054 8682
5747 929
8771 4614
3346 3588
8154 4674
1523 6181
1614 7229
7458 9666
3987 547
7161 1119
1823 762
5370 2757
6783 3658
2299 3169
4098 7836
1594 2828
7502 5755
1895 9747
3577 9025
3052 5903
3092 6495
6120 4665
5212 509
1628 67
828 2332
5089 3451
7108 6198
9366 1831
9667 9407
6251 2036
7790 9006
8713 3713
2698 9685
5548 2249
374 8639
9148 4823
4889 5585
7917 736
1874 2965
4796 1254
621 1200
4623 4422
6458 8033
4546 4208
3852 5670
7919 7243
1404 3325
8910 7107
7842 6293
1969 6786
9751 1987
3241 3843
5042 4507
8929 3861
1853 9664
9553 8851
4480 5002
2204 3365
2724 2359
8980 5155
8480 682
7789 343
6635 7349
4094 5590
7577 8604
2406 3805
4638 7447
7070 7199
2504 6490
2488 2017
5381 9780
2098 4692
8787 1038
1380 8285
5594 6535
2085 8014
6577 9687
3452 9661
398 8983
6389 1722
8921 5035
1485 3419
905 1385
3401 6785
6525 3393
8084 8782
6847 8623
9660 7889
6134 5594
2088 999
1334 4172
3793 5550
4492 4786
6508 4190
9224 841
4259 5388
6773 668
7452 5164
8556 133
8915 3936
2518 6599
4448 5722
1275 2137
3136 541
2228 3363
7534 2108
7658 3562
5476 2109
2949 4814
161 4659
5327 7208
2331 6933
7066 2739
6674 847
1622 9192
1289 1853
2393 2896
8182 3752
5038 4150
6258 6488
1262 473
5132 9207
6374 1422
8355 418
3156 8705
1281 9830
8982 6956
8808 2903
5799 231
4655 1161
5782 2017
5769 1147
5296 3923
680 1632
3054 6371
5719 1369
6749 9944
9734 5230
2146 8030
893 8675
8905 913
2074 6691
8708 3520
1738 4436
5202 9962
3740 6441
2771 2115
8163 9559
37 4871
2861 9156
7791 2182
3094 3753
404 6656
135 5168
2982 9111
3507 4800
6828 8708
5109 6156
8270 528
7321 7880
2205 5444
275 6820
5936 2241
4423 3135
6888 3686
301 7517
2644 7292
6362 436
5236 5626
8536 9957
6072 7132
7659 3605
1444 4302
1660 4940
343 8841
5621 3864
6105 617
3752 1517
5202 487
8003 600
7891 5503
5938 607
6232 4212
3628 2536
6140 7121
6187 7584
6385 3041
6905 6530
7147 1966
3482 2970
3456 859
1458 8684
4146 1419
2026 9348
3520 44
1177 8257
4753 7560
56 2226
9347 8381
3739 688
3729 5774
2263 83
2048 594
3563 9409
227 5530
4173 7019
8437 1685
992 8319
8679 4511
1725 3391
1731 2086
8281 1031
1719 1318
7091 1980
2062 5448
6041 9353
8722 4110
9639 9603
6582 8949
593 3771
2049 4978
5400 1585
9910 4039
171 1595
438 8452
391 4344
9792 7528
6562 5793
5356 5523
4432 6161
9932 1897
6875 5024
6608 1941
2312 2235
6273 2664
749 2181
3775 3662
2782 920
9371 6400
704 3219
707 9762
2175 456
6248 7548
3031 8736
4857 1563
3459 7462
2446 4748
6688 293
2527 9054
1677 9000
2421 2425
1275 5202
8421 2676
2397 1979
2435 9128
6636 4572
3267 8682
204 9666
7088 8124
2832 3663
3955 9533
8546 9519
8479 6482
5241 183
2607 9619
4494 7662
8627 5769
7747 1205
292 984
5555 141
8823 6927
6553 8822
6905 9026
2649 3600
3045 1598
1780 7653
7232 8286
5908 4387
298 1685
9935 8925
9908 5160
5301 186
3069 3626
7225 1069
2280 277
1874 9980
3571 3654
8040 4784
6468 9478
8169 8338
7222 3880
8249 7090
2472 4299
8947 6676
7744 1410
7127 6132
6408 8509
8448 9406
4691 8282
1896 6000
743 8262
7700 9935
8233 7210
1050 5828
3850 5415
2464 48
4347 2058
7379 4935
1571 2688
4098 6286
2377 9314
7782 1184
550 8785
7026 6190
2149 5240
3462 8921
8816 2891
6948 7009
2383 1110
1158 757
9781 5504
8192 154
6440 1311
585 2249
3432 8816
9221 4546
3426 6664
9555 2642
3762 2202
9210 9615
684 670
1427 1552
6398 1841
7345 4241
4395 6138
7449 5496
7745 794
6360 1137
5117 7129
1634 835
7499 4298
6939 5060
7262 7013
6587 661
1331 6431
7983 7271
9112 2757
6998 4341
439 6416
1872 1353
2146 7887
5880 9617
713 1715
8844 2199
3034 5829
87 438
5497 492
7504 7026
7686 2719
9150 4051
1282 9017
1733 7092
1393 353
6769 8730
42 1831
9717 8640
8216 2188
3903 5557
7755 8928
4717 2706
3143 749
1240 4803
1788 8640
1318 8744
2755 9474
8450 427
7519 4036
4389 143
8872 8911
9757 8914
5934 7933
6820 4964
7670 3649
6300 773
9412 5637
7522 690
1117 7095
1091 5931
6073 8636
7506 5479
6596 4905
3779 8207
8584 6312
9804 4478
8126 984
2481 7434
8206 2483
8119 8780
6828 7577
8267 2420
9515 4309
199 9383
6044 6272
1137 5444
3611 2600
8911 4916
9756 2154
6632 3075
4059 9520
6913 4717
7199 6539
2615 5278
7697 2066
6374 841
184 7172
7736 6573
3566 3740
6340 3942
8857 7176
9330 5210
8285 8573
598 2303
8842 4924
10002 7796
3034 4080
6146 2576
7862 2480
1722 5558
9298 1818
5759 5287
2423 5597
767 4576
3108 1712
7632 9051
1314 1120
6044 8229
5985 115
4195 6005
8580 9019
9709 300
2779 1957
5556 7531
3048 1792
3609 7278
2524 2306
7902 9368
6658 8668
7679 7011
8130 4249
2438 8992
9106 4134
98 8422
7401 3260
3560 8678
594 7069
9913 1699
817 7774
6402 4928
1899 7474
1683 4040
4122 4120
2502 2057
5317 4220
2857 9902
6931 8876
5174 3451
9600 1450
9057 3264
4962 2947
875 9674
7107 3024
7064 2773
2869 14
2071 6882
6223 3918
7369 2122
4620 6929
9875 2589
8326 8141
1125 6403
8202 1896
8778 7011
2341 232
7619 9839
5157 1045
5814 9777
9319 7808
6460 7291
5392 4807
1170 4745
97 6516
4663 305
2201 4239
1209 2825
3057 938
736 3549
1081 635
4436 4452
5497 734
3959 9593
9329 3430
1197 9773
7023 8608
2361 2374
8890 4544
4848 2458
6696 3512
6337 7048
7986 7905
1413 9393
10027 8722
3133 2493
3227 4423
3975 8630
2019 7186
6918 3264
1831 3215
831 3901
6275 5205
9748 3192
5649 5124
8636 4556
1564 2304
168 4932
8230 1581
4074 4271
8693 1323
9953 7301
4446 2628
5891 1931
5146 1324
5224 7722
2887 5977
9168 1458
6582 2594
7150 4776
7080 5177
8828 4352
7735 2862
122 7276
9577 4568
5891 5754
3436 4683
2532 6322
8916 9786
4522 9113
4698 1561
8808 4318
8670 2880
9291 7596
418 7252
4488 6985
4591 539
5106 4350
64 4128
8810 957
2030 3499
9820 9429
9175 4562
3635 8695
4680 3656
2217 3985
1540 791
8042 1468
6839 3003
7131 7602
8558 6903
5289 548
5109 141
8079 8743
6587 3475
2812 3255
9538 5029
6496 8779
696 7540
7911 3192
753 6827
3690 5001
9858 4050
4191 6151
534 4927
3630 2986
6461 8612
1827 176
8923 9273
7804 8421
5920 717
5624 8500
1651 5908
8495 2404
1674 6384
394 9356
5466 1492
6418 4584
7570 5999
183 3991
3224 6397
5422 9106
7486 7485
8201 3186
1645 3366
7278 3296
5700 1928
8312 5732
5047 7373
8865 8705
3249 473
6472 5242
5249 779
4770 1002
7399 5431
4496 7993
5437 2781
5966 1942
5307 3597
7381 7611
6468 4618
309 6566
3899 4739
3404 5356
7965 6653
3261 3173
8603 2160
3400 3059
5000 5549
9145 9365
6936 267
4327 1234
5973 1372
6728 8226
908 9377
5989 2516
4776 8872
2005 3380
5540 8037
8656 567
3626 5652
1161 2015
8891 266
6751 8275
6036 3657
4891 7814
9185 323
8548 824
160 5872
8388 9456
8288 6149
9528 3124
1120 252
819 5028
640 9775
1749 4444
3028 1800
6589 7358
7680 387
1565 6188
5603 1369
7517 9953
3036 3851
4102 7005
1992 4155
3890 4920
9364 2631
4431 5638
8725 2352
4230 6496
5271 7
7364 9766
112 1819
7552 5004
2689 9117
564 166
7170 2025
1752 29
5667 8909
1220 6183
2638 4352
5176 7909
9728 1682
6316 7836
4549 9297
7330 5113
9779 6592
5713 3470
8192 7465
3607 9165
3477 9412
4822 6245
4113 7835
9516 9997
5244 3800
3956 1811
1067 7315
2580 8504
3577 488
7080 9909
3339 3315
2598 2752
176 6838
122 3783
10027 9439
7233 4943
7899 6709
2829 103
1913 8898
6172 6784
5248 2979
3467 8751
8620 8824
2099 506
3258 1919
8756 4697
5446 3434
7216 4678
4076 5568
7977 5369
5472 9162
8019 766
7549 7384
322 4151
2861 2757
4295 1441
3359 3639
8335 7552
945 2074
6751 3741
5324 787
2055 9778
5707 10032
1991 657
2097 2562
6200 6286
3798 5455
7529 4494
8235 4743
2863 4240
5026 7502
4733 7081
7072 2305
2842 399
4085 7829
6094 722
8965 1880
2536 7115
9676 916
48 5836
290 958
5700 7576
1776 8524
5985 8563
6710 6802
1801 875
8703 8330
9052 5885
1830 7976
8891 261
4893 1466
7301 6052
7010 4940
2476 7591
1192 4252
9303 4855
5729 650
8979 1064
9147 7990
4933 937
4725 9703
427 7200
1412 3287
9520 2424
7279 467
1116 8783
7359 55
8045 6754
1386 6465
7401 3931
9466 9495
7253 787
7987 6679
9298 9398
1782 5231
7521 9060
6868 7326
4039 9345
5770 4872
8802 5424
1702 3131
2893 7469
6923 7804
8590 2319
8998 4136
5894 8923
4114 1033
9810 7675
6694 9811
4576 8681
7985 3411
8282 8614
3998 3714
6844 7044
4472 5700
3463 9737
2016 1355
5491 2012
8548 973
9896 7265
8297 4401
2035 3969
5316 8729
7369 283
8466 5314
9027 1935
8979 2423
8123 5831
5528 3411
4765 1545
8516 215
7480 2064
6465 8372
2301 5736
3762 8500
7188 6040
8929 4517
9830 10015
1910 7354
9777 8817
4607 848
4258 7859
9404 95
9238 2920
4984 6113
4444 6677
2373 1409
9908 6744
2744 6135
5172 7056
9040 4061
1375 1321
1757 1111
8970 4704
4799 6014
4997 8334
8508 4194
831 6197
7605 2912
9656 3203
9337 7472
1385 4469
8529 6019
7339 384
974 7436
2099 3049
9063 9944
9293 4019
8213 9450
5606 7761
632 9043
602 248
2607 1503
5971 5089
1067 3992
4376 4460
5200 7899
4756 7739
1718 3397
2806 4008
1728 9930
8933 8412
2601 2143
7232 5215
2991 8298
9209 7314
282 7885
5584 7770
1127 5037
7191 3933
2304 733
7181 3846
5989 5700
874 9781
8312 3180
1437 39
8577 8099
482 2748
8877 763
3436 10003
3895 4805
4 8629
4289 3809
3549 5992
5201 1821
3084 568
1488 1621
2727 9149
9911 2080
8254 1563
1526 5670
434 1650
2235 5420
1579 5971
2671 1583
7575 8848
7274 9171
7912 1085
5009 9399
1438 5432
6995 4879
509 9692
1301 8520
3900 942
6913 3536
2398 5478
7060 1432
239 5069
1249 4594
3340 9289
334 8532
570 3038
4239 2007
1659 5424
5689 2959
3240 2561
3921 259
4852 4231
8440 5170
4419 6111
4603 1740
2950 4752
8355 3519
5526 6219
1603 2553
7300 7184
103 5505
3267 2948
5508 6597
5449 6506
6764 9500
3691 9370
4499 1576
7687 2090
3829 8917
3629 2249
1203 6779
258 1378
2070 5783
4664 9370
2277 3029
9626 7930
4396 7785
7245 5034
4364 1120
2695 895
2985 8863
7739 342
2590 6813
3552 1327
2705 3792
3309 3809
9591 261
4708 2478
5506 4083
1972 6985
85 6368
7487 1934
2828 4448
3270 142
483 5813
2585 969
9945 5000
5261 133
5512 9496
1933 4680
8762 179
7164 7438
7061 1853
3786 2573
7021 4508
2386 251
1219 5132
8204 4971
1067 3515
8514 5027
5160 971
426 3735
810 2358
9796 7136
4816 4850
144 1797
9097 2530
7500 3266
9537 5254
8988 7407
2280 7362
4457 8847
7095 6565
337 239
6162 9434
6653 228
8154 8900
6266 8291
8212 7102
3070 451
2486 8880
1085 9849
5816 8180
4551 6468
4281 9474
9702 5684
8585 894
3761 6020
243 4878
5329 8183
3121 7814
4536 8107
6247 9494
5922 312
5645 2588
2022 6500
2144 9926
779 1683
99 688
6552 6804
66 6969
2641 9278
1302 8562
1109 6527
2986 6946
6831 3130
4813 5129
5817 7610
8142 4911
1675 3164
1407 3315
9791 1473
4659 4985
4222 4089
4634 7299
5820 3771
257 5935
2841 6929
19 3243
8372 9672
7241 4832
9742 4148
7311 5343
5060 1363
2835 4934
9919 4810
7872 3492
9427 531
1330 2227
2270 9701
3348 1080
2932 7680
6006 2810
4799 717
6146 4159
3820 8270
7329 8415
347 7629
6048 3694
1691 1288
8967 1727
240 4622
2683 6246
9042 7481
6267 2983
1358 9808
7396 3555
5245 1704
5397 6064
7351 1253
1670 6278
7653 3219
9464 9101
3362 296
7776 6386
4555 2363
4193 9402
4374 142
7179 5731
7435 7305
3329 2384
3636 2791
9879 640
9832 1508
568 4530
4825 9256
5601 3929
1922 116
1507 444
586 9320
2904 5881
1572 495
2425 9006
1757 1088
1727 6060
2634 1595
1641 3670
7598 7958
479 7241
7356 3849
4293 2401
4703 4878
5372 4583
4625 6274
4218 7050
3070 6996
8591 5945
4548 5703
8129 1652
5598 9769
6970 2879
6728 6076
8476 4285
3108 980
4699 7810
4044 1189
4320 9323
6332 9283
6239 8538
5064 4789
6629 3152
2881 1722
8262 9850
6813 7202
4972 8125
9314 1471
754 9015
8258 3593
2091 7086
5481 1470
4622 5646
7367 2070
7311 1928
3215 2478
9175 1365
7419 3498
2472 2839
6432 8173
5218 689
5014 1624
3093 4350
9995 455
2524 7714
5175 7322
9257 2446
7905 8392
4300 2337
5835 1430
4269 1679
9851 8307
8996 660
9181 5028
8449 4155
4609 9744
7417 8403
5685 7133
3872 2552
1105 5180
6609 5739
5205 837
1496 7228
2216 4160
8260 637
4791 8867
6492 5947
8499 675
5568 323
3411 3455
2223 2843
8022 4851
225 4590
5427 7967
5155 5430
7559 7370
4437 2310
633 9467
8484 9131
2546 5669
8511 1854
6704 4768
1042 7253
5179 8320
3709 6468
3351 293
7663 3258
3179 3819
8545 5462
2969 9177
8267 4991
620 1412
3265 773
5541 9130
5582 9969
7182 3595
1874 6624
3052 2321
2613 5583
8840 6402
7271 236
4054 9866
5257 2559
1695 136
5126 8226
695 5745
4835 2862
2790 6235
9829 377
2251 1663
7245 12
6414 4864
5100 6044
5869 3644
4054 9154
1672 1116
3288 6377
2081 7092
176 6916
7292 2703
2634 10005
1627 4252
4264 4885
9749 8871
4874 637
3921 703
1819 8334
7604 5592
8958 3069
9446 5059
2111 2205
6187 1486
8402 2023
4726 6363
6327 5653
9905 7359
2203 7953
6783 4128
6719 1617
2320 9045
6191 4138
7207 4903
7313 6612
4054 3460
9822 6459
2071 8780
6098 6108
6064 8301
172 763
2379 788
9833 6890
7489 4698
8836 7131
8747 6002
2573 1914
3945 6019
9479 630
7089 7999
6738 9260
5328 9159
1055 2796
1056 9347
7905 1228
8117 2448
7146 7698
4788 5566
8695 7910
3889 4475
5105 2600
2547 2153
1272 7297
9443 1108
2335 7250
9698 7308
4965 412
6494 5141
3011 4607
9081 5149
186 4146
6298 8307
5563 2733
566 7569
9895 5615
6723 7747
6565 9058
1377 1490
1202 5407
2804 3517
376 7728
1834 512
3294 8131
1566 5514
4772 6639
5657 6522
1095 1297
2786 5086
6553 3988
1643 959
2888 4447
4959 4851
2812 3737
8078 8705
2524 8471
4592 4090
10013 209
5294 1665
4137 2759
6746 5746
6704 650
5850 8389
2796 1138
5988 8738
1450 1359
24 6230
4661 9528
7481 2548
6637 8606
7282 2033
2241 7207
10013 7535
3618 6718
1040 9467
8165 7862
5575 7028
8387 1543
7772 7025
918 2393
958 3953
4721 8240
5720 3553
6521 5426
2104 8959
9566 7170
4992 9902
6889 7690
9232 526
7551 5236
3606 6964
9356 4022
7974 4524
2038 274
8513 3919
272 3927
9352 7825
6744 6792
6890 1415
5426 6416
4062 2275
179 1572
5600 9534
9807 3528
2166 9551
7335 4627
1379 1478
2893 4038
9603 8269
4644 1437
4973 4988
566 4733
5809 2102
1596 6160
9687 1368
9642 7093
6603 3321
3245 3898
7556 6138
7574 7498
2446 2159
827 2507
1501 9708
4400 2750
4851 2067
1536 6447
7809 7872
3822 7411
5385 1730
1016 2383
8521 3280
737 8571
8561 3182
4266 21
2087 7249
8144 8952
9453 3292
662 3028
4514 3234
4963 9840
2183 9898
3138 5979
4510 663
7056 5199
6715 5237
5258 9906
7114 940
16 7345
7617 4491
3402 5539
8830 5720
8747 2814
6048 9491
9291 3221
3079 971
2096 6216
6618 8813
4010 7106
6971 3292
4232 9267
6571 4045
9787 4148
9867 1897
4711 8576
1754 718
8711 4833
1009 8637
9579 1058
8164 6633
9139 4116
8364 9346
6645 3279
1813 4201
8399 6606
424 5218
1810 844
3642 1694
5810 7166
6471 2741
335 4134
2203 9923
3162 9865
4025 8848
3439 4974
5509 5308
5846 6898
5889 7151
9393 2345
5823 1912
1737 1458
3918 5762
4664 3704
9012 2417
804 4817
2186 6692
4350 9922
2227 7421
6257 3702
8864 1697
7637 7835
9747 8119
9576 3420
2364 1443
7204 9841
3505 6282
1960 2476
7293 7972
3470 2764
9455 9220
3036 3765
2984 9292
4369 580
8236 3904
3705 6363
2604 5400
7227 7209
9684 1262
9234 9187
6116 2664
6464 1313
565 2516
8807 9448
310 2600
7999 703
4175 5186
4451 3368
6031 6242
7567 526
5622 2616
5132 2127
1534 6187
5508 8202
762 4031
4734 5817
8729 8760
3905 2605
120 2863
5096 2221
6530 1965
4581 758
3570 4417
4593 1405
1892 5910
1800 2011
6581 4963
8203 1636
2393 3673
5784 2744
2416 5276
9693 4042
6547 5591
6995 6314
7291 1100
387 4176
45 6989
551 2278
4288 8818
8588 828
2463 884
4557 6751
9494 4856
7854 9784
5335 398
6465 3962
910 5846
5286 1461
3810 2371
3198 9026
9909 2358
9108 5661
4725 8561
390 568
311 9066
2563 5646
7934 6134
4283 6113
5099 6236
8593 7481
3101 4968
9393 7660
4144 4078
4773 4455
60 2527
8661 7336
2312 8716
1019 3139
9252 2066
8301 5302
2742 4310
9278 6854
4474 5843
9419 8630
2667 614
8297 1916
5991 6917
1400 5233
7299 4656
4922 5560
2373 2659
7460 7880
1362 5415
1145 4603
6519 9339
7336 9441
6317 5730
220 3286
1548 1869
7102 3856
9920 8428
1046 8480
2599 2253
7386 5347
721 6519
1082 8748
1265 7601
8629 7582
9451 3510
7366 136
3083 6512
4224 6642
5082 713
4777 7680
2986 2024
8543 2123
830 3707
5572 9624
4179 6837
4378 435
3944 2767
260 1269
7105 5985
2587 1092
1804 1289
6559 7668
3418 8293
1959 5296
4327 2024
7670 2890
8875 2712
3804 4735
336 2543
2384 7255
1462 4567
2057 7263
8104 1754
170 5734
428 3479
4900 3973
9580 6452
8994 3948
8303 9916
5 871
5438 9388
6010 7495
3837 5855
7558 7776
9530 8884
6342 5622
7612 6512
444 1743
8194 2471
9937 4682
6210 9942
1367 950
8444 2780
8635 7377
1085 6152
1733 4602
8735 7427
3898 3048
4790 6307
4325 2944
1007 9987
9888 5350
9996 1215
8592 4704
4702 3664
8265 8029
5415 6434
9482 6960
3613 4232
7175 1964
7119 7938
2082 7225
7171 6917
264 7019
8233 8525
8809 6785
408 93
8121 3470
9904 8673
5592 3496
3537 8818
741 6381
7895 7860
9447 5026
2005 6962
5447 9711
9931 197
6981 8635
8727 8699
2129 7389
6021 6808
264 1993
1299 1573
350 3031
5506 1091
8950 3649
10009 3361
8386 3646
7635 7528
1717 857
2429 327
3358 3015
7850 2779
3869 2729
6378 3315
6676 2779
6425 6346
5721 5021
3703 5918
3406 7573
828 1298
1021 8282
1217 2738
5753 1527
4305 4574
6877 8173
9985 3512
8533 7336
4287 5665
391 3864
9782 7251
1388 5611
6501 6412
9149 486
2012 7718
8424 6317
8773 5360
2656 3096
1089 6942
4153 9151
3204 830
3977 8936
4507 8594
5850 968
8685 4074
8935 7862
4139 895
2539 8587
3907 3559
6654 1271
8536 6562
3464 5374
4485 9624
414 7616
6512 7688
6242 4390
3386 589
1484 4135
1413 7524
6071 1891
5222 9978
6500 2063
7437 3718
9569 3715
4987 5771
855 7684
1596 243
8367 6817
495 6680
6602 5763
7644 3796
8109 7172
3353 3056
9986 9839
3384 7466
6429 8207
5851 7596
7839 7283
3546 7446
4223 8019
4658 1872
7635 4717
8512 1220
5319 5238
2370 5982
6443 5272
1525 6389
3814 7006
5172 4908
7485 983
8428 262
8280 991
7327 2898
4117 458
5695 5799
8125 9226
5333 9649
1447 6980
7242 7035
8026 9875
8379 849
1306 9771
5025 7269
485 4632
3817 8322
8738 1941
9674 8288
3687 6876
2317 3268
5862 656
2382 1351
9591 7406
5687 9104
7672 3368
2719 2295
8543 1416
9704 6641
453 8177
5013 4946
8214 4140
230 7329
7984 2290
7711 6091
6013 53
7459 6021
8931 3105
3025 9636
6237 7068
789 177
7506 5809
6503 5770
5822 4510
490 2475
8288 6929
1300 6813
3840 1523
4211 7537
4186 9043
9220 1806
7614 4974
5992 6685
2094 5672
1401 3061
7571 8596
1031 7222
421 8060
3593 9069
5958 6766
8470 1841
8654 4456
6385 635
3782 2927
928 4540
6381 3944
9126 4994
7446 4338
7762 8901
6442 6813
3068 1469
4998 6599
5956 6550
1503 3357
7694 5041
1352 8948
7808 2140
3180 7303
4075 4509
5636 9622
4791 6104
8451 422
7020 1904
8454 3409
6765 2935
8864 4419
6559 9328
8402 6632
3894 5099
9608 1542
1123 7969
8525 2503
8606 2476
1652 677
3612 617
836 9396
5987 9354
4413 9238
739 9881
9183 1861
4363 5956
8431 7667
903 2929
3229 8264
6507 4599
5276 5433
6050 8159
395 6583
8644 1230
6997 1166
3026 9534
5449 6139
2063 4668
9267 3507
8940 8570
1491 3183
4973 7429
9314 1076
6565 999
493 1049
9781 913
5580 7217
683 1804
333 4806
4531 7021
163 2616
6359 6022
3410 2635
3711 1291
6690 2684
76 6000
1620 2453
7259 7563
7144 1952
8973 6526
9142 1635
7656 9135
6750 1025
3708 5440
1524 2015
8015 9379
1415 4887
4986 4557
1043 507
2141 3918
3012 144
5712 4489
1838 3343
5358 2286
4961 3332
8218 625
9408 5517
376 4354
1218 2517
2272 1243
5983 6821
9466 4804
7089 9379
2700 4783
8114 8713
9337 7660
3995 6292
1768 5803
2875 6047
8564 5946
7189 4093
3848 3131
9254 10005
4769 1349
687 8679
3422 1817
7787 9826
5589 5001
8363 9554
1314 1220
7267 6039
1944 4188
9118 393
76 3847
1781 2738
7752 9973
5723 8085
7177 5993
796 4184
8030 4400
6827 871
4367 3653
9421 9359
2056 5702
1264 4307
7871 9894
7775 2587
1947 6640
784 394
3613 8813
4181 7980
3619 5039
3351 1449
146 8801
8314 3294
4721 3068
9335 8829
2350 4844
4157 7187
2186 7071
1715 6368
4740 1861
5812 8055
1082 5765
5372 492
7762 6932
4079 6867
3897 1878
3301 6914
5012 5016
6876 8369
4805 9751
9615 6617
4631 4534
258 5386
5878 5713
1402 5629
8547 3475
367 5919
2745 6268
8146 4445
668 6642
3515 7759
8984 6756
5085 1526
4383 811
2699 4640
228 2035
10018 8775
5002 5876
9364 3108
9594 7380
9678 4638
913 2033
9059 8869
3469 7110
9144 1718
5817 3697
448 5795
8517 7433
500 727
1675 7840
408 191
4829 7571
7673 45
2078 9316
8145 8586
5656 1097
2814 1573
9372 8631
4385 7700
6917 2180
8769 1298
1489 5582
9221 6318
5593 745
2355 3698
5270 4946
9705 5169
3759 499
8815 8144
965 3250
8842 9321
1460 1625
2923 5718
9365 4412
689 4372
5116 8546
9804 6282
9979 4407
9352 2119
7287 5209
6067 73
7716 4620
9031 2854
5546 9720
7429 5899
5680 6774
9754 4788
4860 7714
3591 5781
3268 6557
9847 5223
7523 3489
8799 5767
1626 4190
168 6187
9467 5163
7740 7843
2626 1290
6474 6850
7792 3763
9694 5735
1326 7982
4128 1049
3742 1494
1411 3168
3194 4745
8769 893
2182 6129
2939 1355
3086 691
6426 9007
9916 5609
3550 2085
2586 6875
6656 3196
4088 6603
6740 6269
4884 5631
6321 1817
783 7970
8314 3445
1747 1824
9500 8663
3754 2046
6043 5499
8694 7810
4373 2659
9011 7064
6559 3855
1641 7342
746 2453
2998 9955
4898 4744
9186 1198
3243 354
5853 2900
1904 4507
7249 5041
2065 9946
33 4719
3654 1167
8508 1817
4270 5294
5489 7267
1971 6946
8143 346
700 1117
4016 1346
1019 4684
9725 2494
4446 1750
6469 7048
6295 82
5376 6682
5895 524
1689 9761
837 5592
6937 2388
8940 4852
10021 9958
8185 9221
930 2380
9427 2590
7480 7601
4243 3322
6400 3129
5516 2153
7005 3297
3144 2477
5066 6610
3967 2530
91 2093
4430 9260
8387 5870
8998 2132
4285 4747
8043 4473
8888 1250
7750 8826
5657 3390
10000 2693
5333 5313
9645 8190
7093 4035
5849 8188
5321 3559
6948 6523
794 4398
2545 6126
3310 9954
8138 2691
1993 8453
3013 8276
6424 5286
7427 8862
9880 2708
3645 9328
6195 9055
9660 6988
2357 2164
2078 8712
1363 5666
8839 175
8627 9493
7729 791
421 4112
7468 3463
6171 2801
2089 7308
2776 4660
759 8901
9075 8339
7792 9597
9261 5480
9592 6424
9887 9682
4286 6017
5792 4531
5451 8004
6268 3037
8169 2234
8484 130
4734 8831
6654 4286
1036 9096
7618 6359
4322 6379
5262 550
3754 7544
6430 6357
4510 4873
1208 9244
3896 7862
1718 462
2719 9336
2324 1102
9637 7586
3902 5405
620 6027
4584 5130
4334 4523
3160 7771
8873 1857
3951 5483
9574 6930
1598 393
7612 5931
5489 1185
1673 6248
1458 2624
1 4618
60 9227
10017 5558
9075 3623
9553 2299
533 6646
9473 6022
3616 9504
2087 8478
6622 5074
9691 2441
1628 6622
6856 8029
2463 2404
4702 9063
5669 1976
5201 5235
2922 4634
9906 5009
7450 9693
334 6806
4800 7189
6030 9814
3812 8492
428 6879
2074 9480
2899 5629
222 3290
8122 5821
7504 8238
5985 6731
8756 7608
4757 739
513 3516
9568 2075
5254 1601
5114 6455
737 5609
7684 8720
1864 9198
9033 6754
9725 3765
4747 7761
341 247
7084 4099
7928 4363
2666 5232
3665 8484
7642 9608
2243 1173
4937 2118
5615 3911
1140 3503
8734 1333
4746 832
6361 5579
6752 7871
491 1648
1291 9826
4539 4861
1803 2212
5320 2096
3678 9915
9700 3376
7214 896
1009 8560
5523 2231
8429 4623
6031 8391
8475 3382
5278 648
3615 382
1277 4180
2700 789
3019 2285
9798 3800
2494 8033
1374 5278
8759 929
9890 7492
8421 6004
6792 2811
9303 9811
1178 1964
9296 936
9186 630
1414 3828
7146 8583
9736 4105
7807 2250
2021 9136
5038 7589
8218 307
5238 4183
8011 5658
5312 6652
5195 2226
6331 2418
1913 4891
1323 7411
9256 9129
6157 1641
4839 275
9278 2094
6277 175
5832 4476
1132 2764
7400 5434
2804 7252
7372 8723
7811 2424
6862 3928
8376 8902
7834 3918
6012 333
1507 2249
7443 2593
5693 924
1545 4548
4470 7957
1834 1768
2101 2264
3393 6550
9479 6349
7273 2227
2193 5131
8184 3591
9423 4256
9864 5012
6557 4762
2567 6683
5328 4422
3790 1842
2253 7707
2678 1102
6370 5606
328 8498
5141 2886
2546 5345
5347 4645
2072 5747
3413 431
1657 5448
3906 2731
5616 1984
3396 4311
2952 4963
5080 1699
5773 4455
9666 5754
1221 1282
4073 6836
8496 7469
5684 3453
8020 8182
2597 6701
1557 2759
386 3685
7240 1547
191 465
8609 645
2019 7065
478 1443
8800 5743
9495 8442
3883 1011
4696 7492
5815 6871
226 610
1075 2387
3032 417
6707 1105
9283 270
6013 7238
5640 8042
6479 6799
4251 1095
5363 1135
8005 7661
3525 8231
4052 5653
436 5445
40 6449
5041 7292
8386 8354
9489 9292
9043 2505
9204 9512
3181 9192
6605 6075
6357 2209
9611 8012
9483 3598
227 3606
5051 8607
9242 4214
8015 1424
7044 5563
6765 4434
8590 3755
5209 8817
3915 4802
2626 4807
7827 4118
682 2847
8291 4597
3522 976
2382 3856
7 5008
7783 4817
6631 4192
9127 4417
6188 2819
4136 2443
4349 1673
4519 1664
6507 3109
9768 5484
452 5129
4324 9775
1442 2066
2790 1142
4320 1705
3377 6665
8329 8668
3659 7896
5340 3246
6934 6082
7420 6072
855 2067
9963 4863
2988 2850
4656 4073
115 1515
6258 6761
4430 6049
4712 1810
5468 8293
3115 3071
9681 9490
8456 1599
9325 1400
3210 496
5770 2825
6921 3313
8616 3468
1710 357
495 2741
8222 9928
2587 4975
9441 4539
8155 1110
2576 3342
1430 5515
6176 3060
6354 237
125 3754
8728 4535
1028 6487
2860 1820
2930 2908
6250 974
5791 395
7143 2104
6639 756
3468 5831
2277 2496
6011 4495
7151 4696
944 9446
2093 4667
2698 3148
5252 1365
4346 5588
7162 9079
8484 1229
4368 8106
9394 3738
5587 9704
5775 9608
7673 2896
5248 3129
9611 693
7128 8097
1794 4455
4119 6482
7272 9371
4624 4276
1985 7070
5065 632
5087 2698
4840 1430
8908 3120
8611 6785
1014 5546
8753 6432
9500 8412
6448 6151
3853 2017
4417 9201
9720 9256
7993 2405
704 9136
2949 8888
5369 7366
6582 8638
7285 1449
9075 256
7329 5033
7438 9387
5088 5281
915 8973
7821 7789
4426 1885
6933 7770
8015 2481
845 1769
646 2252
8049 7415
6450 2427
5112 8171
540 9372
8851 7824
2465 3627
5515 2026
2285 8965
6340 6336
4612 119
6224 1813
6335 3009
7725 2110
8446 5809
6103 4024
258 6801
6484 9932
3654 4455
5976 6342
7841 9301
8061 2570
7134 5746
4117 1290
4347 131
3964 1090
1927 6930
6190 10031
1052 4211
934 6712
5769 5457
1723 3747
5774 4788
3329 8261
5150 7654
5509 165
7405 6034
4179 5425
5069 7690
936 6002
9749 90
5732 2659
7447 7911
379 1465
7754 5073
6371 9234
8729 1840
7264 6764
4413 2868
8387 2292
6018 9387
1050 6250
6045 1775
969 5399
4216 327
7280 1985
2028 9587
4734 9616
549 2214
3989 2380
7779 6594
8969 4957
143 8315
3005 7423
4705 8052
225 814
3194 5253
6765 735
6745 9341
6737 500
9052 6997
4028 5614
702 3186
922 5406
5634 4115
1071 7037
9153 829
8811 6314
9499 2311
2419 9512
2077 3340
7455 5496
7919 7711
2434 2462
8074 1569
7860 3493
5649 3789
4618 2006
1150 7629
929 8324
2694 3329
4897 5036
4221 2306
6119 8783
6372 2708
991 7268
5643 4769
4677 6447
9848 9573
1839 1741
3857 7933
8605 10023
7377 7251
4511 8269
2997 7830
9178 114
8503 3814
2297 5185
3078 9603
8700 4657
3826 6379
7271 2963
6776 3014
4002 83
2412 8345
9986 9830
5522 3724
8380 4029
6352 3701
3783 7030
983 2348
5618 9363
2531 5795
382 5168
2157 2852
3166 4165
7782 9778
8092 4170
7487 7622
3698 3689
9608 7243
7981 6108
9965 2084
1821 1603
2091 7706
5115 1294
7674 7936
709 9529
5596 1558
5863 8689
8786 4514
5895 8710
6376 8419
7822 9527
8851 7242
1186 6485
8042 5845
8157 3239
1909 7853
6231 4012
7771 5152
6330 5484
7182 1876
8360 1427
187 1725
4175 8343
4008 2846
157 2480
4355 5510
5665 2675
9037 4169
5893 733
7526 817
4070 2764
5610 7113
8168 6616
3734 7348
2818 1447
723 9755
3883 4410
8943 9776
552 2198
3429 6428
963 5025
2097 257
3149 3937
5191 6461
3769 4438
5884 8924
9037 7695
7414 144
9919 4139
6337 6317
2705 431
8671 9765
9189 9634
3902 9314
4182 1747
621 3179
1277 5319
4592 5634
2808 8302
7856 6341
5176 7489
6066 7356
7452 7800
3540 2305
7939 2872
6393 9464
5765 817
7841 4209
6206 3812
3381 1341
2840 1961
1470 9859
8800 6635
6262 6188
952 1986
5798 4805
65 7157
8497 7058
2542 3446
2068 5382
1294 6875
7885 5005
4596 8862
5604 9843
6365 6555
3672 7586
4603 6429
9874 2128
4377 7145
2487 5239
5617 5539
7464 4048
2869 5864
5667 2020
3580 8473
4988 7454
2932 3438
4719 1676
691 8499
133 5375
3808 8491
3616 8795
6283 7438
6903 9827
451 1312
6080 7429
6603 1286
8654 7453
8993 7179
2653 8647
5662 9556
2283 1892
9969 5987
9040 6263
8503 9491
3602 5065
2477 5738
2877 2215
6456 1429
35 4697
8624 8468
319 2157
7781 4271
1267 4457
155 9523
1698 3744
7221 5207
3634 4222
6670 3953
3238 6735
5245 3408
75 8508
2738 10017
4057 6459
9067 1030
4061 9386
7498 4199
9405 1748
442 2999
6952 2307
8656 4246
4223 553
8407 1354
7748 8689
9718 2320
933 3739
3722 4242
1313 207
6969 1791
6786 2289
8843 5648
7063 9196
1548 8842
1453 2643
459 6092
6836 201
4909 2763
660 1368
169 7050
1371 9719
6857 9110
2492 1139
4778 1520
8000 4407
2068 3380
390 5329
7536 2236
1690 4236
10038 4219
3289 534
4543 3907
9236 4646
6882 4933
2992 2654
7820 2989
9843 120
7878 4203
659 9086
8691 7678
9473 4550
7708 7039
1249 9998
4378 6310
3671 1395
3901 3867
1504 9120
7100 8633
422 8627
4385 1730
3982 8055
9835 2461
5359 1231
4465 2297
7448 5374
3389 7588
4017 5635
4380 3811
665 9149
1635 2286
5713 2931
3329 5151
2126 3872
3295 4621
8432 2746
1855 7674
4576 8703
9439 2269
6141 8993
8049 1524
1463 6745
5445 4757
2391 9758
3025 4256
9013 7298
1702 5789
4127 1625
4063 1649
4889 7044
7533 1068
8987 4296
2298 4675
9851 9395
6143 2545
4068 6490
5797 3614
4131 8158
7752 8073
2301 2980
7347 2112
101 3450
3545 8724
7639 3594
5362 719
7335 8196
6314 10035
5327 1426
6760 7167
1266 2215
5195 2114
5678 7529
1140 3759
1431 6615
8351 5669
5664 7631
5734 32
2145 9382
2909 888
2315 8586
8879 9556
756 9523
4430 5589
5744 1626
3868 1331
4850 1951
2684 4194
9433 78
6302 3822
8547 1371
2153 4064
2245 7002
7725 8976
8880 1393
5181 5142
8698 3722
8599 7679
9316 8879
9333 1277
3274 7885
4601 1932
7063 6109
116 7677
9524 9431
1182 7359
8855 5954
3175 2273
2455 9690
8890 1837
2019 7641
6157 4132
740 1260
6547 8737
1709 9496
7059 8377
4488 4975
1618 9416
1212 4517
2118 468
671 3230
7362 2465
5451 2366
3677 1958
1414 5297
3722 3934
1442 1389
1856 8796
9353 9347
9937 7649
10014 7400
1600 5348
7306 1036
622 8719
2512 1480
8445 8453
3405 1657
103 9428
7732 2612
3293 8353
5383 1935
5223 3788
3634 150
1807 4034
4931 3421
2756 237
6583 3385
7172 8305
8455 1766
6209 589
7609 5654
5954 410
6393 8709
9330 5636
9020 3022
6916 9741
3985 4679
1744 9505
4015 748
8518 6225
2336 9243
8944 6116
3890 8865
4955 3458
2922 2717
3316 3508
8939 4085
2328 6935
6714 4663
3874 5042
3866 6186
9643 7764
5925 7316
1361 6634
6109 4824
7275 8230
8828 3255
7917 3372
8413 5501
1019 1249
9508 6497
6290 9092
9844 6762
3355 3570
8393 1165
1504 9464
7654 9320
1903 410
196 8569
7620 1015
3207 5266
5986 7187
10040 9000
5451 1530
8776 4711
5726 3958
403 6356
3058 6115
9714 3989
9672 5969
6633 34
3642 3866
7078 9560
9233 8700
976 1667
7793 4823
1224 4985
2115 8149
820 6860
7627 8412
3194 4416
324 4985
8455 1149
2003 1236
4433 9290
6718 2892
2716 3313
4477 8274
244 8245
1204 3437
8421 2546
2763 6836
6086 5697
1613 1324
6823 1501
3373 7853
6058 5061
886 3616
1184 2090
3616 5433
1036 9121
3465 7112
9305 6661
1990 9732
7545 8847
3868 5362
6842 5990
1383 3385
1883 8795
10030 2883
6382 9295
8987 1529
8955 2631
8621 2215
5599 5757
2574 2931
8375 408
1502 8365
7620 2795
3493 1079
30 7197
1384 8404
3651 2886
729 4308
6880 1413
349 2085
4829 1086
2461 6226
35 7264
8541 6914
2237 3983
7896 2781
2013 9332
4315 513
5843 6325
268 4901
5745 2908
7712 2352
5424 1705
774 4681
3972 192
3298 137
2259 2269
8593 3123
8024 8102
2711 1496
3046 7160
7297 1923
2920 6344
4826 8655
5053 5390
4880 4016
5237 2731
6109 6618
5767 6975
5410 7352
3016 8458
7168 2225
7615 6361
2586 2181
8251 7466
2587 341
357 7955
9548 8777
9807 1430
8895 2658
2297 2897
3238 9960
5418 6311
558 4532
4537 325
7714 8586
5482 911
1752 8678
4380 608
1654 8036
812 1252
7562 6848
8443 7302
2078 2605
3812 2785
5720 2444
2195 7043
6659 3022
5806 2856
4941 430
3272 6711
9205 3466
6571 8492
9380 7633
4636 4431
1683 3218
5694 3393
137 2982
4103 1838
3004 1834
8770 685
9643 2913
6775 3993
3283 5849
3484 7179
532 166
3148 9177
3899 7810
9644 9848
8617 8373
6443 8810
10038 5848
1657 5014
2152 3280
4276 2684
2195 3231
6893 772
5494 8006
4011 8575
8745 4008
3540 693
7285 5414
2709 4206
1990 7652
9567 9621
5911 1090
3090 1364
10022 8198
5049 2259
735 4184
8148 4205
760 3122
4953 5809
220 8763
5477 7580
3911 7330
5053 5790
9516 4123
8324 6268
54 8160
1284 1097
9892 9629
5397 6665
3526 8923
6291 7582
3332 772
4895 1304
9076 2279
399 3728
3819 8825
8474 3770
8516 9988
879 7482
164 7603
6387 8170
8529 1863
5491 6085
1580 4611
8530 9572
210 46
2074 1910
1479 8980
1540 8296
6167 9149
1308 2022
9911 1637
8670 8499
7013 3906
5895 1398
3643 1812
3834 7594
7419 4951
1925 5217
2702 6860
7045 9894
2028 9231
7683 1244
7509 4709
2262 2527
7477 1302
9241 3925
6437 7790
77 4835
8751 993
309 973
7618 7543
7314 2960
1836 5986
6638 5813
3739 6935
9547 503
4156 9209
9255 1327
1574 2953
3410 1933
9654 9186
792 7256
3411 8321
8829 1701
3634 6651
517 2198
5511 7235
6982 7127
8174 656
7280 7599
6812 111
2308 7794
9762 7328
3063 6302
5788 8399
8560 6548
6658 9948
7701 5331
1064 1080
1089 3859
28 9119
5626 4590
4498 8587
3878 2244
6531 3746
7769 8457
6240 2245
30 93
3136 5466
7858 3982
1517 8399
843 7757
4883 872
1777 5993
6986 9325
6412 8901
2843 9726
6478 4230
1591 6771
6302 9204
7980 3150
9261 4926
61 5147
8070 1893
1036 5084
8422 8462
7625 2274
450 7858
6842 2178
7810 4236
824 5511
9478 7104
8935 2830
5103 4131
8814 6520
2044 486
8344 1731
8435 1233
950 8337
3210 6699
1099 457
7508 3972
4243 608
6952 7161
8473 7483
5120 3402
921 2588
1348 7531
6112 571
7731 3358
503 4265
2725 8447
8029 2860
4486 8200
4282 7270
9376 1855
5698 5762
1102 4202
4446 5156
575 2160
4182 1000
6295 9062
9350 9653
6537 7058
6052 6392
7063 6842
9462 2556
9352 3250
268 9613
5964 5848
4163 5724
5726 1358
8316 1242
6183 6125
4324 2980
8827 3285
1669 1930
9331 3065
3322 2007
5902 9738
4448 1436
2164 8772
3310 8880
8578 1640
1716 7491
3887 7821
5359 4570
5401 9685
3735 10008
8950 2272
2134 6999
7212 6973
8570 9150
8209 6987
1472 4305
4273 2673
2412 5207
523 1322
5442 5491
4601 7294
989 6422
9562 7439
4016 3289
654 1825
2128 8132
7707 6286
6881 3929
6941 1205
5309 3301
4686 7460
4575 2351
7666 6661
9087 3961
2890 4268
6288 2826
2570 5390
1833 9103
8573 7500
8839 5653
2493 7885
1680 8781
3775 4476
7138 6422
1385 6867
8067 2053
9381 7399
2441 3116
3487 7268
3783 5401
8647 7798
7396 1086
4119 7655
403 9612
2859 8804
4890 1122
1097 8673
4872 6878
1542 6274
2008 6379
5950 5351
2154 2880
1644 1735
4926 7926
7446 6008
7790 6802
2465 3888
3158 4615
9023 54
5573 3579
9373 3745
5395 8007
3448 6033
8520 3137
7752 3035
3089 1637
3125 6734
1904 658
6863 3569
5810 412
5136 6380
9415 3523
5159 2847
6060 6504
3565 2221
184 4447
2690 2470
372 8749
6672 6093
8793 544
1636 4990
2560 994
8728 5472
4258 2953
2144 8733
3568 3365
1839 2916
9251 1352
4321 5124
3836 7897
4866 1570
4716 5233
5662 9548
2709 5805
9606 2060
2050 5378
7263 5922
7899 9820
10004 1235
742 6750
3584 3367
5426 836
589 3149
1971 2308
4882 7161
4158 5999
3431 7741
7913 1284
1317 8574
2553 580
9017 7672
9809 336
6981 4474
4084 2037
7944 839
1817 3157
5787 9431
7224 5274
6810 9952
1949 6301
3067 6737
8055 4598
55 9871
5104 3501
3539 1873
2726 5361
5819 1188
3111 6122
5827 3970
3680 9041
5122 10030
7536 3659
2049 5480
3288 5971
3718 53
3353 3797
8825 9518
5383 6774
331 9636
3392 1709
6887 3684
1156 5683
9994 9981
6715 9942
6733 5336
3965 9420
6338 9561
8835 4744
2563 9471
1362 6528
3167 4769
7376 3443
6701 3652
8494 4765
3383 8482
3211 164
3832 7394
8320 7277
8394 7621
9650 109
6545 5725
1709 9755
5827 256
645 5049
4427 4477
6685 6889
2048 6887
6602 2533
2789 3756
8804 2388
8846 3434
1764 3223
2193 7891
9422 5495
4286 7177
369 2080
4260 3596
1447 8829
8988 257
9686 8370
4313 3738
4513 4001
7121 2644
761 1366
6236 5002
3935 4964
1623 6090
7259 9076
2774 4062
4103 6729
1674 8602
2092 9989
1882 2034
5398 8382
8055 9992
2164 9745
2171 489
3248 1973
8884 8646
9971 3799
9981 3808
8070 1562
1505 4774
2437 6867
1862 3118
1723 2751
6459 7289
2894 7592
8081 6281
4849 4299
83 4817
3059 6542
4084 2292
250 4733
9322 9795
4053 5468
7265 4135
636 2309
2928 2294
8862 6183
4312 1630
4887 5697
7849 2754
7930 5810
697 8239
339 7049
7216 9790
5446 5570
5461 1364
4522 7384
6926 2495
3757 1514
6643 8259
1822 1460
5342 7505
626 4839
8178 5134
9173 8688
7465 358
3145 6518
9130 8727
2834 3605
7669 7548
2034 5312
1735 10
6194 5638
1500 9028
8463 426
7966 8255
3259 5166
9190 2020
122 5790
8003 6355
3488 8429
6896 6620
1745 331
2350 115
5018 894
6683 681
9891 4448
1103 7760
7223 5193
3608 5432
7874 9513
5010 7631
5351 2859
8052 6112
4295 2533
9913 6254
9032 4346
7722 6025
3881 2100
3486 6139
3938 9184
7851 9915
9255 1619
4431 9380
847 9119
842 3914
9698 5329
4544 2777
949 55
5341 2555
2959 6915
719 3661
3043 1179
7594 2602
4989 8913
9625 167
7521 9174
7343 1003
6191 9189
8337 7446
6033 9932
9081 9489
4680 2184
9105 2305
4919 9284
7231 5337
3905 4374
9673 8454
760 3095
7539 1077
1979 5205
6762 2311
7298 4935
942 8320
7156 9640
4077 1897
6139 7497
7149 40
1938 8171
4062 9810
8500 1178
1310 5783
7340 3622
1753 4294
8913 7491
1930 7302
3044 6648
4217 8615
106 1456
6342 3128
4006 8845
4867 7049
4694 7426
1951 9826
2432 7180
4463 1428
8477 4651
5965 2383
7328 3652
5483 3440
3912 8944
3554 8336
9029 6566
4845 5660
2941 9494
9670 641
2056 3503
4462 4821
792 5296
4123 3141
9093 3089
2542 9457
57 1994
5146 2172
6857 9560
4341 3929
2437 3952
7093 7476
7456 2904
4897 2150
654 2
351 9971
3859 4245
5524 4692
3481 8684
8639 5917
2436 9688
4192 5103
212 8513
4061 7414
7345 5856
61 4411
4227 4363
2098 8697
4985 2309
8190 1473
6840 8860
2970 1243
6450 2997
8611 2984
5947 2720
2916 1209
8882 476
4969 4919
2545 8775
7861 6738
4520 5463
9340 2383
5116 3951
6758 588
3677 5276
5986 3080
9122 8696
7125 7109
6902 8537
6543 678
6654 1968
6252 1103
8942 7065
6214 8153
5720 593
9487 153
8085 3539
9139 5489
9402 1068
2455 4613
345 8397
8101 8629
9873 3466
8488 7619
6108 5321
1500 6679
1 7674
8544 8101
5680 6096
8007 6720
4028 5965
410 4263
4387 6726
7175 7848
1228 8420
6735 3073
4672 561
2391 9835
8239 4713
1535 6267
8386 74
9706 7623
5955 5940
4685 5927
2735 6326
3719 5561
3074 9949
9710 220
1510 809
6769 9897
7976 2468
2106 2599
6711 6399
2433 3767
9406 1559
7160 386
410 4710
8152 9077
8368 793
7537 1741
4581 4643
3814 268
5643 8435
2442 6620
3200 840
6835 7780
190 7488
2412 4123
8973 6081
6635 8067
2754 8089
4781 7130
3326 623
5593 5737
1884 8592
233 3698
3427 4428
3940 9139
4835 8172
7346 5698
7124 4577
3330 4143
9847 247
2213 2505
6647 2284
5847 5121
4048 3978
1034 8683
1506 1604
6926 9690
8581 4771
3736 7802
3223 6667
8094 2233
7805 4049
4622 5760
4266 3788
6722 5718
2344 1611
2138 433
813 658
2297 1903
2787 8248
9606 7593
2323 9689
8993 4002
3373 937
9802 7540
8798 4946
3818 2475
8159 9413
8161 6238
4808 9995
1837 4525
4072 782
6261 8057
9389 8097
9939 2372
1357 1783
5674 2341
3305 6520
7925 4058
6919 6538
1873 2898
6294 1395
3766 406
2188 6193
2549 5123
5926 3970
450 513
5728 8374
3677 6610
1692 154
4755 4393
7659 8654
1861 6389
9067 1024
4143 5442
2352 4515
2759 7580
1921 7752
511 6261
6148 413
8205 3269
6060 4954
7817 847
6866 9050
1169 2182
4051 3953
7972 6682
4386 2575
4221 1751
3224 7736
5119 8373
1078 8182
9091 1098
3391 8711
9718 988
2479 755
9803 3954
9651 3554
1875 685
7623 8255
344 5879
1500 8199
8720 3466
6736 4540
166 4418
9288 7544
2052 9785
3164 5561
1795 5229
7459 2125
1962 582
9533 8462
386 8640
6760 3612
2043 8555
1003 7164
8781 8338
6760 3330
1844 7145
7209 628
2327 9567
1751 5940
2001 6616
483 5008
5651 9743
8920 5681
1767 7000
9941 2219
6245 906
4375 109
3776 9976
6291 7902
1454 4404
6281 3617
797 3346
6920 5172
4007 6347
3978 2697
2319 549
4165 8173
1048 7283
475 6421
398 4012
9920 210
7027 6314
2665 2950
334 5347
5183 8340
6367 2838
5208 4687
10033 3150
8702 5592
9381 716
266 783
842 5473
597 2291
9421 9999
5018 7918
3137 3837
4619 2873
995 8204
3587 6325
5417 4205
4163 445
8633 9181
2013 1459
3985 3696
3690 6673
2958 9247
4744 9772
1190 8150
1322 6757
922 3211
2906 8147
3181 6189
4074 4622
8294 3591
7603 939
4218 5201
2042 1235
4755 1088
2322 3611
9822 9620
849 8956
147 7760
8517 5440
8200 5304
2410 1633
8982 2011
6034 1707
3086 6796
4894 5997
589 9125
9492 514
9271 571
5051 4124
1625 1398
9091 869
6938 4486
7898 812
1396 9860
4771 1081
2160 3478
5058 7468
7288 3589
5107 6454
5175 7631
5456 7334
372 5182
5452 6866
3859 3409
7117 8190
5367 9
3006 2206
3280 8089
2525 603
3073 8200
5946 4222
9819 3948
8152 7822
5025 5385
5953 9259
3166 2124
9946 5731
1075 1278
7935 8899
9814 2914
7629 6034
7494 5063
2362 3640
3938 713
5552 2491
9632 1859
6285 9482
3745 3343
555 2866
4894 9551
7288 420
4016 6968
5226 7927
7369 3258
4512 1470
510 823
5079 1388
10026 1210
8224 5838
2028 2477
6958 9414
2266 6541
2730 4876
674 6722
985 914
3199 9612
2349 8929
3883 9191
2777 3656
8786 2714
770 758
7162 3640
6958 2321
2387 4044
988 6270
5266 823
4667 6789
4815 3452
527 3957
8322 5194
1908 953
90 8464
3248 4292
5859 5300
8391 9834
2236 5101
9575 8634
1222 5786
348 3305
9350 1369
139 2573
7622 1616
1510 5710
7767 9279
8795 4989
8886 9788
2008 5416
3534 8578
449 2271
5306 1706
8895 2400
2649 9373
6752 2570
9627 1942
3222 8622
1044 1772
6262 357
5821 286
2043 1123
7692 1489
9115 7117
4943 9244
962 9182
6225 9733
5538 9977
4386 8583
8553 9411
1485 3564
3218 3999
9334 1226
5224 3845
9302 576
8502 1370
8622 6473
6746 557
6271 7219
8997 1543
8941 6934
9487 7767
9669 4442
3836 9818
5900 5897
1278 1543
2310 6245
6514 5502
297 4772
2724 9005
3218 9701
9736 3638
6761 7147
9208 6593
879 2479
2999 4000
9741 2962
2068 3326
8770 9505
6647 7938
2351 2650
7022 4418
4621 5166
6261 3727
1335 4715
4460 4284
6417 6811
1188 2868
6305 4965
5493 145
154 3486
5531 7535
10009 3736
793 7574
4136 9651
3488 6922
5367 9293
2989 565
7837 98
7077 7513
374 70
1098 2339
3912 6526
2211 6564
4081 6636
5377 976
507 4577
6448 8928
1693 2045
236 2112
4065 9724
6921 6086
8845 4326
6549 7178
8713 3474
9394 6679
8605 9074
1866 9429
8427 8263
1179 7780
2284 2138
694 697
6957 559
8559 5344
2337 504
628 7906
8472 9437
2662 330
2717 7920
962 2549
1907 2926
1567 4416
7326 7812
5182 7151
8460 4984
169 5194
2504 2256
7622 4185
2049 8820
4936 5902
2571 2657
5735 2276
7074 1429
1564 69
1112 9592
4072 8631
8618 7038
4786 7835
6666 678
4852 5566
9313 7547
8715 5939
3435 5044
2550 6090
4311 2707
5288 4171
8703 553
1523 9093
6372 62
9688 967
3381 6499
5315 654
5500 6674
3085 1334
1565 5121
2471 1102
6859 5183
9067 5269
4898 993
7395 6638
1846 1845
4057 9376
4844 2560
98 8333
4601 7067
68 9886
10037 398
676 571
2484 6466
305 2690
8207 180
4574 7358
3719 4392
4962 2658
4836 7445
9885 7590
1673 7724
6454 4340
5592 4376
8706 6038
3587 4906
1724 254
555 1103
4306 906
1942 3800
5824 8432
5932 1891
7260 9633
890 4552
1023 3403
7805 4559
7320 1789
3205 5940
451 7093
3516 1671
7386 795
5337 2823
3132 8775
5766 1891
1811 4297
729 5779
3183 2833
4774 8887
8147 6732
7764 4005
2850 4607
8358 1614
2237 2774
4107 8660
7059 3904
8459 1106
4069 7364
2761 58
6722 8404
3604 5303
2457 6953
6896 3725
2192 6897
3724 6035
9033 7600
848 1990
2654 7818
3017 1072
9209 7944
8489 8403
3742 4941
7440 9283
314 1454
241 417
6404 5949
646 6918
4811 6600
242 3376
9425 7452
1037 7456
9016 2467
3150 4155
5331 5023
4477 6253
9934 4037
5536 5840
18 9014
7307 9239
3263 6987
5432 4238
9244 2323
1606 211
959 7017
9699 7376
6858 6103
1733 1401
9294 245
6347 1984
9944 8715
5119 3249
6502 2210
5005 9115
1337 8004
3110 8067
4323 199
3353 1322
354 4267
6729 9565
7052 1693
5135 1165
5628 423
1586 567
8860 5570
193 3971
7148 8960
8264 4187
5326 5398
3815 6919
2276 6517
2086 9140
5123 3932
4543 4572
8361 4781
7451 5337
108 4665
8250 9542
9198 6217
1250 4437
2307 7424
821 8079
577 5848
1716 5787
3127 7643
8907 8690
5608 9362
8043 4615
8171 6563
3645 6225
5440 8946
336 6887
538 9894
9265 8709
5291 6738
6218 983
9573 8463
143 5315
2568 2165
5032 7821
10019 6489
3483 7991
9760 9626
8172 4097
2358 4836
624 7450
995 1222
7969 117
953 2219
3099 9579
7546 3722
3414 4005
443 646
2342 4196
8968 1198
6202 5104
9670 7594
7878 8572
2504 3769
3502 9971
8849 2598
2337 2460
8332 5452
1395 3871
2565 1345
4906 2134
934 684
910 1693
6864 4001
7234 5410
7265 1345
6218 5639
6391 844
5890 5953
1616 4540
9300 949
6664 627
5909 4088
4931 7986
5685 1720
1164 8011
5822 8966
2250 5924
3136 9389
712 561
9704 1743
927 8582
428 720
3954 4433
2221 5886
8574 5366
1102 2530
7025 1285
6650 7554
1077 5559
5542 4980
6927 9740
1339 592
611 1888
567 8981
4343 3317
3926 9092
5902 3870
6439 8442
4006 8765
3457 7932
6619 561
155 7732
6292 6054
3840 4229
7669 7467
9650 197
3318 6606
8607 7310
6560 7801
6175 6874
7372 9492
1320 6969
8749 2526
1153 6897
1802 788
2145 9961
622 9294
2343 8041
5299 9928
362 2167
3446 8356
2591 8114
4821 4476
7409 54
9525 6619
2171 4013
457 7168
1068 373
6439 814
9758 7781
6191 1336
3545 2907
8488 8740
3316 2179
3006 1763
5350 7809
6452 5398
363 6869
1868 2534
7260 4033
9506 582
5105 6738
5339 4200
5170 8923
8537 579
1783 5391
6005 361
5316 3753
7371 8881
6211 2724
10036 9008
1986 2748
6281 287
8325 6037
6753 6140
4532 9243
6336 7220
4491 715
904 8646
6935 9876
940 1620
4509 4967
3842 7123
7334 8587
6866 7941
6991 4792
4369 3066
2809 728
2946 1096
8302 10040
8414 4599
8572 8251
8447 4092
1878 3723
4403 6611
1434 460
7914 4639
9509 6891
3461 4996
8181 8021
1909 2677
1432 7655
2346 3647
6232 2506
7188 4611
6759 5281
6043 4273
881 9048
3619 2240
7432 6150
5147 955
5542 1159
5466 2029
9531 5772
9158 8376
4746 4866
9819 5019
5866 7991
6365 6935
222 7187
3922 4187
1366 9885
3313 9478
4785 7535
7141 1917
1673 45
6585 9092
770 5882
3731 9449
7750 9708
1247 8519
6746 9281
460 7807
9302 8964
7760 4087
1833 1769
3412 7235
1735 967
5676 65
5130 5044
3544 3287
1700 5355
4578 1283
998 940
1228 8293
8236 4772
4943 2867
2394 4126
7442 643
6235 8393
4421 5776
2624 2496
2432 8963
9631 6852
6524 317
2762 2450
2112 2020
4450 9836
9746 7110
7145 8234
2610 6122
6293 1968
1772 8391
2447 5340
5226 2643
2783 6602
1748 5918
6693 1866
3074 8406
471 1595
2776 5406
346 7484
5837 7014
7780 7393
8579 7566
6168 4894
4282 8114
9417 2325
1260 7077
66 6054
8691 4936
6959 1405
6075 6212
6290 7463
3379 3748
4711 9668
5689 9005
4063 5414
5044 2962
3360 6410
2648 1356
454 3636
1868 4029
8143 5378
3168 9104
7435 3965
5284 8957
6042 6919
4201 9814
8116 9484
6225 127
2003 5134
9912 9418
1494 6666
467 1939
559 3191
4658 497
5651 7435
9921 6127
4728 6885
7382 88
7523 9385
8181 2992
2982 7771
3420 818
3802 8244
2909 2052
8724 815
2179 1666
4207 6208
2204 4617
5852 4732
8234 1152
3969 7440
5127 8140
3646 41
7547 1173
2325 9188
2168 5569
117 6177
707 5243
5649 8170
656 5608
2042 3828
9709 8074
5522 7081
10013 3024
9743 9281
865 5948
952 218
383 10008
4000 202
8397 3973
5076 8107
6038 4791
505 3110
3317 7442
8046 3706
9104 5873
5923 1988
1606 9037
1048 7865
1893 2116
4219 7540
5142 4692
2989 1759
2875 3489
7692 8017
7310 9525
3508 7350
6610 6382
9287 9848
731 1370
1231 3961
2604 5225
3579 2994
10004 8980
6182 3060
5057 3272
9960 3664
1162 6225
5114 3284
8148 5979
4046 3239
7404 6140
3970 6323
3325 6763
3239 3751
9304 5391
9806 1599
1179 1528
7056 6170
6287 255
2978 4072
692 3518
148 2729
9225 18
7439 7159
6834 4055
5932 2307
7598 686
1101 4640
8618 5612
2452 7183
8650 5149
6885 4713
7494 5128
6038 6632
7122 5219
9552 9640
3600 3412
7337 6612
1848 5498
5711 363
1242 407
1498 902
1399 1630
4453 2022
7743 4225
2047 9029
9875 6819
4255 3790
5341 10035
5206 284
360 7932
2401 6919
6234 5118
4383 7113
8899 2679
1357 9705
6777 4006
1434 5250
4569 7639
1605 5443
8416 3720
9253 5308
6707 5467
288 633
6693 3042
2121 7205
5683 7206
4775 5234
5748 1428
845 54
2816 8431
6580 2889
3802 8820
4092 399
712 446
8113 6224
6345 2082
8504 8486
2964 1785
7018 8384
5281 8063
6001 5706
4675 2339
2147 611
8886 6115
7758 3842
7869 1475
4715 1114
8632 6035
94 762
6147 57
8406 821
2232 4403
4399 4867
5982 4615
203 308
5560 9928
3071 8529
74 7498
6166 2652
8641 5510
8969 982
3395 8323
9575 5101
5978 330
6739 380
7149 829
3842 1198
4885 1923
7158 5222
4743 9146
212 9219
3728 4273
6051 3744
385 3478
3882 8660
652 392
8504 2714
8907 364
9862 6835
6630 5109
7823 5458
1918 3307
496 4534
8613 1688
8401 1384
6755 1829
2405 3360
2330 1837
4016 8483
6177 730
1975 7025
4939 2327
159 10018
6055 10037
8116 1372
342 3014
6772 7917
2418 4872
254 9189
8490 2070
6771 3349
476 3589
4944 3406
612 5107
1048 802
1921 5308
7627 90
6781 5875
7993 3214
1551 5580
3583 8127
8175 9739
7708 2751
4990 4365
9219 6976
5545 4363
5602 9357
7237 3272
2838 8295
8724 1666
1581 7418
9078 5580
6606 7268
8444 6871
1247 2203
9191 8115
5526 7848
5327 9991
5017 2693
3622 5028
8430 7771
1143 6534
4831 7681
1796 8522
4561 515
6413 4217
80 927
9406 434
9481 9312
2633 3474
9912 5303
5242 7485
4727 8458
1134 8107
2162 6375
5198 1749
7183 9433
4895 6533
9417 4823
8648 7173
6576 2693
4944 8209
7800 196
5779 3183
5879 6227
4635 368
7639 7066
8004 1836
9046 4779
6994 1638
5208 9721
6611 707
9091 7579
9362 2410
890 9628
1953 1266
4504 5081
2568 8029
3839 5516
715 908
6246 238
7916 5824
1961 4121
4442 7076
5475 5075
2098 8994
5854 4732
6096 1183
8711 4415
1696 2674
4016 7097
5054 8659
4303 4370
198 3277
7065 4357
5364 9722
7547 4167
4081 5600
9511 363
7056 7442
5102 7160
2343 6772
8156 9104
9505 3237
1168 8723
1599 9555
4865 7979
2813 2096
2822 9438
2106 4220
8087 5095
8526 3275
2610 4367
6585 4690
8477 9836
3284 5951
5443 9978
8924 9641
603 2196
3842 80
9436 1169
5892 4838
6556 10030
2186 8981
3395 8519
1966 6755
616 962
4279 4428
4987 8112
9486 6870
798 3317
9395 1562
8908 7163
5822 5860
5652 9077
5303 1940
3166 904
9197 5280
5621 3910
6313 8153
4533 857
6411 2151
1867 1860
5997 9008
7944 3817
7993 9233
6373 4379
4941 1202
7381 2334
8912 9107
3913 5483
3151 9159
6249 3447
9087 1510
956 7225
3668 7258
2798 4736
9477 6821
9517 9620
6289 6288
375 5984
9663 1048
2151 9140
9422 7566
2378 3119
7779 1065
8787 7404
5917 9889
8311 7777
7135 4845
4694 4112
2760 863
474 1448
1280 7206
9265 3208
778 9460
4786 7140
1342 6983
9165 4435
7881 5768
5569 9009
4167 10026
2555 5374
626 7468
62 4586
3017 3248
3421 7138
4303 7947
9612 7320
9632 9095
3149 6934
4343 6891
7197 4258
6051 5892
1180 9710
4568 846
3085 2378
1096 9307
4688 1556
4831 4545
1748 8465
849 8552
8358 5740
8428 6315
2136 5196
8328 2154
3406 6965
2746 9476
611 1033
2340 6201
3354 6479
4095 573
3193 8978
8178 6191
4126 1099
3206 6255
2794 8837
2996 8688
2556 73
1546 2687
111 10037
9498 3620
5683 5633
6228 571
2210 1577
7509 8482
4897 6917
1273 8870
1615 4114
9803 7788
6564 9050
3845 4191
7478 2145
5054 1870
1725 1311
9184 4956
8481 2540
6158 1373
3551 3209
8277 18
1906 9952
3518 3480
1684 1329
6695 6482
1946 1550
2394 8665
1439 1226
1356 7743
1830 842
2907 637
6410 5663
1475 5912
9041 8437
7925 3804
7718 4024
1939 5492
803 5679
7173 1917
1717 9542
2334 3869
3457 3425
8384 4792
2639 5964
57 1187
8151 5331
706 3464
3176 697
9457 8757
7693 4513
7870 5454
7907 7386
5750 295
7938 9095
4306 3040
7382 5685
5268 8647
3952 124
276 2681
4384 527
10018 435
5746 2633
4013 7974
9361 2889
5128 2379
5940 9446
1864 729
43 529
2722 9931
1636 284
1012 8988
4365 4213
3066 57
2362 2170
9208 5995
5576 2996
5042 4651
2168 5349
6005 1677
3383 2878
9855 5245
9277 2518
9312 3883
1237 4586
5729 4458
8826 527
9934 7751
2258 1396
781 6609
8094 1490
2827 4775
3712 2433
8978 9137
2648 126
7190 5690
8551 9745
1742 5320
2977 8147
8559 7881
7198 8819
7046 9229
3608 6364
5757 5607
9933 7217
5339 1428
1315 5084
9431 1344
6336 208
7863 762
1520 1101
8208 2133
6972 6994
7943 8874
5571 9929
104 6068
3379 6154
6120 1200
2439 9739
899 3242
9246 8559
592 4758
7971 1474
9443 1043
9048 2665
3176 7704
6328 3116
9287 7090
8379 8350
9322 174
7650 7901
5281 592
4919 231
2439 4096
5797 576
3830 9239
269 7543
3985 528
3790 7777
6498 2397
8480 4145
8655 1129
4066 3863
9022 795
4093 3442
6297 6555
4718 5984
9511 8659
6280 7760
7541 6350
4818 9961
6475 6545
2639 8618
7677 6114
2257 5102
364 4642
2220 3159
9845 6987
6313 949
1399 2805
2417 5487
5344 8562
6119 6202
7053 7357
3469 7219
959 5587
8213 2770
8028 9727
7769 8894
5262 9766
3110 7521
5485 33
2560 5443
2244 9581
5245 160
3426 9927
5357 5660
5845 3498
4563 595
4426 3367
147 8220
249 3940
8537 5599
127 5290
7939 5474
5234 6230
5519 3720
9194 5300
2958 5136
5766 2111
1875 6185
4589 6502
5309 5298
9047 8150
2407 6307
2133 1570
3273 1918
6533 8220
8926 9615
9829 6911
5595 7806
4529 9599
818 9860
5229 8768
7890 10022
2040 7743
6825 6499
7591 1280
8341 5661
7000 1279
2760 4107
9307 9727
4408 2176
6927 413
8665 1664
3461 8099
9073 3324
8299 2876
575 9907
9135 5485
4334 3708
8323 1059
4657 4951
7463 5654
6891 2005
5510 5419
2056 3126
6331 6560
2654 610
5355 4294
6972 5866
7109 2566
8344 5453
4070 5227
8423 6410
9174 9722
7402 132
3782 5208
8175 8168
79 1135
7982 8927
2016 3939
8440 1549
680 7640
2573 8515
9023 6638
2646 863
1352 610
211 2958
6571 8557
3719 2729
6769 8683
9970 6185
6297 2460
1333 3579
5999 4586
6074 2117
6835 1435
41 1399
4375 9611
2268 6084
3483 4072
2291 5330
6911 725
94 8044
6478 9245
515 9137
5613 2518
6796 8666
3050 2188
2520 1558
956 843
708 7609
9999 2782
1042 3379
6449 2788
805 1990
4780 8340
3145 1872
7216 3021
5648 8566
339 5032
7169 7307
9589 8684
4440 174
9990 5338
2911 2794
9390 5408
8526 8445
923 2341
6868 1934
7046 9158
8806 8250
8927 6011
2340 9803
9933 9229
6227 3550
4106 7283
1762 4280
3509 2152
9952 9864
9194 8195
1812 1058
4163 8831
1305 5161
7712 6483
1061 3369
3726 7154
9893 6815
7562 2220
826 7518
3057 5454
411 5306
7505 6695
1046 8660
4332 3836
3643 8179
8083 9543
900 7595
8952 7961
7016 6515
2808 3427
5361 9605
7437 9535
5190 1495
8957 7156
5867 8777
3181 1996
3271 5075
9653 9524
1329 644
647 4743
2092 5439
199 925
8969 6115
7872 9332
72 1834
2264 234
2653 3791
9686 7178
6839 5377
3231 7198
2603 314
403 5581
2169 5917
105 7883
4007 6871
7394 8544
5660 4406
3257 548
1175 4371
9883 3050
7588 5884
1495 4801
9361 3042
7076 4980
6787 8390
4901 2809
5144 2809
6976 4406
3583 1724
5161 3142
3172 8615
946 5081
8224 5984
3119 1080
1181 8699
3440 702
4371 3647
3350 5763
5290 3452
2343 8493
5190 699
4795 4605
6415 573
8641 1512
3206 6879
2009 4604
9378 2290
2959 1816
882 362
3273 633
5131 6001
3478 7459
7778 193
1858 7230
363 4519
4862 6839
5797 647
5023 9490
5295 8137
8632 1775
7210 4827
7078 5107
3206 3647
1522 8754
1183 592
1961 6729
9052 314
3753 3675
5088 8704
3660 2569
4587 1696
3940 7204
536 3884
8474 4464
5331 4818
1884 7613
5093 3303
7196 6873
188 1834
5822 4034
8094 6315
7613 5618
9924 4254
2726 5102
8941 9444
8205 480
6609 3995
1268 2422
6821 1950
2975 3168
2970 4658
3399 1255
8615 9936
9034 8469
624 2852
4426 6003
1429 8926
1714 6686
2569 1852
1355 1465
9572 3324
902 9540
1205 2773
1762 4041
9377 970
4461 5323
1451 7890
4170 114
9486 9263
3910 7240
8651 1039
8117 3675
1093 18
5389 664
7196 7408
7611 1196
4454 4027
1373 8671
7125 2469
5567 7456
5141 2938
8849 1720
2008 2243
927 6745
9971 1061
5295 4981
2987 9237
23 751
1333 1251
2898 1837
5897 5514
4650 3695
6411 8987
2954 4727
3125 4812
5413 1495
7550 7302
3943 5068
3030 731
6043 2520
8043 8469
3716 6246
4379 2683
4606 595
6062 2794
7982 6453
6107 374
72 241
7607 5502
6790 9546
7958 2121
2562 2707
9675 5583
935 7640
139 3415
3040 7444
6480 8774
5501 7408
5196 4693
4564 1961
1584 81
1546 9029
3726 5562
4913 4436
590 667
1509 3142
7806 381
2830 843
1746 3415
6850 9677
569 9867
2239 5327
6479 3064
1612 7939
5913 5951
356 4515
1802 2725
5046 1295
8098 4021
9929 972
2121 3617
7979 5641
6904 4545
573 7457
374 6560
8743 6045
5828 5277
5326 6504
7504 5915
7606 776
9975 3103
6630 300
6009 4643
972 900
9958 1747
5293 7908
8408 5349
9676 5098
8902 519
9806 4213
5533 890
8009 502
7324 8108
4021 1253
2169 1870
2367 7844
4913 1907
6739 3712
778 9604
9550 1584
8669 9572
9501 807
8739 3423
6333 1174
9959 774
1059 1574
2291 6479
3686 4529
1060 4518
519 1991
7685 5930
6164 4121
393 4865
3009 6413
807 4004
603 1922
9540 5289
4612 346
2073 7279
7579 9056
2183 6853
4023 2287
3396 4567
6563 4563
8469 2915
9539 1498
1039 9184
7261 7194
765 1918
1537 281
2798 7914
7094 8430
5077 8976
6289 1949
9346 4770
4056 5786
8390 1490
6480 8077
4405 8907
2213 482
3285 1077
5639 3625
1900 4345
5886 6256
1152 10025
6166 443
25 4238
8039 2653
7394 2950
2375 7400
9046 9854
7244 9816
7726 4689
222 7274
8642 7154
7504 5674
9539 8658
8649 8907
4458 514
517 8858
5513 4831
4967 8398
960 7150
8918 6189
6983 8937
1502 367
9360 7402
7749 7320
292 2143
286 6037
5088 4929
5254 3932
5628 8295
8686 2668
8807 1342
2114 3065
7730 2073
5127 774
4113 5083
5007 2822
469 2191
1974 47
7402 9620
1618 9326
6683 4279
1700 7451
2450 1848
4095 8978
8390 8894
2611 7636
3155 8937
4050 3261
7763 4113
6323 1226
9575 3426
2467 9641
7051 9390
7630 7307
9051 3946
4870 1012
1207 2864
4605 5474
9421 2183
6451 1706
5098 4381
1329 6350
4545 9817
724 4166
6334 4316
9924 7388
1631 6234
3213 2293
1927 7110
3283 9375
569 8658
378 8348
4810 9501
10034 9277
9572 3065
9502 7786
3398 2353
9369 3561
3071 364
9318 5509
6917 463
1547 1900
2174 8367
1492 2865
9411 7564
603 8090
627 1153
5527 1347
3263 988
6158 8373
8932 7344
8309 7015
3155 9171
4687 281
4588 8739
1513 4003
1671 6967
752 4140
8664 3415
9178 883
8255 9607
4561 3074
3734 776
2170 219
5285 1047
31 4738
5907 4164
778 9090
4506 6410
7568 245
4266 1982
7964 7120
7150 5413
5963 289
7465 1093
2343 7015
5277 8396
198 9865
8221 4738
9342 1661
7283 3667
5772 4775
10012 9824
2353 2244
7868 6584
9360 1696
7193 9284
2353 5077
5154 7709
2577 769
411 8214
9502 2191
3097 548
5351 598
6940 1554
1106 4470
5411 8066
7171 2722
4970 3590
1773 466
7400 5675
4693 6999
3551 5154
9337 9461
4166 4408
3838 5629
8440 5127
8728 8117
8436 5535
8241 1550
7856 8066
7082 5682
8219 5081
7385 6669
3720 7007
9275 1577
9405 8686
9038 5595
5456 6678
7813 751
7169 1767
5439 6489
5436 5332
6261 7059
3598 8032
2497 4492
3277 2367
2559 1989
8153 943
5783 7194
8684 2410
2577 1256
1143 2347
7815 4065
8170 765
7247 7870
5513 7676
4091 6544
9285 7195
5133 1556
1115 4189
3781 6221
6483 5184
5576 5761
7715 6515
6312 1815
4416 6451
8766 4862
9789 6568
7260 4577
5094 5411
3534 7954
3757 7344
3952 699
1146 7784
8205 639
6404 4331
3946 5173
8664 9411
9770 4798
7784 397
5963 1860
655 5309
7890 655
6419 10012
4518 1227
9263 6185
10030 6087
2498 416
6961 8086
4716 5502
1974 6855
1493 6865
3076 466
245 5435
4833 7554
5577 5075
8797 5628
1764 8467
6410 2021
575 5428
8545 345
2701 3195
7270 4688
5576 9819
2325 785
6121 3114
6079 5342
165 5534
7067 6053
2101 3542
1418 469
8852 2577
7168 2246
8189 7901
7621 5068
8278 6114
3153 480
3153 7870
1591 7039
8379 8268
94 508
5655 3465
6391 7472
107 7609
7963 5228
7748 3355
9304 584
7593 3051
2710 9418
9863 7286
7230 8522
536 7868
1037 3608
2957 584
8647 498
8179 8874
8481 7966
389 4573
1083 2268
892 7720
8469 3633
2390 4467
6090 1900
9302 1405
5111 7332
6260 3857
6531 118
7731 2101
1404 4554
2770 4930
2573 8613
9618 4353
2913 4573
3686 1077
1681 1522
5118 8075
105 2100
1083 145
4168 6750
8834 4207
9403 8242
5097 6370
4353 9200
5118 2867
3633 9454
3695 289
8224 7643
7002 123
5949 3050
2113 2018
5299 2018
5535 3806
111 3242
7676 1335
4827 5825
7392 3746
517 8642
1584 129
6511 2498
846 6221
2968 3636
5472 7163
3803 1115
356 7738
9239 3285
9469 1943
8957 2010
3185 6201
1027 546
1842 5157
4984 4504
4499 5718
4023 3688
1881 185
7852 8918
8398 389
4763 5861
3590 883
7077 3006
4065 7148
9259 1615
1646 5823
9750 253
5937 8960
4545 1858
9212 3933
3947 4907
5436 2143
2946 3076
3332 768
2138 2538
1047 2054
1404 7477
9342 4069
2075 6369
6075 9750
6768 6470
28 8797
526 8815
8108 2469
5007 4037
5834 9976
203 7475
8805 2173
2139 5912
1881 8408
1764 276
3040 4536
6650 8792
6811 8516
9770 2132
7196 290
7094 629
1618 1268
2592 5742
4440 9071
6650 2176
1662 7945
5639 2828
2291 5197
3525 6954
1553 2235
7439 4140
9982 3142
8643 2084
981 7856
9815 5490
5197 8370
7193 5930
9854 8051
7796 8010
3457 2498
1816 3979
5527 9309
6015 7945
420 4910
3811 4050
5288 7111
8774 6851
2653 4088
9193 508
2381 4404
6396 1540
7572 1477
6355 7945
7908 7756
2636 7720
3490 5334
4059 5196
9824 9917
5677 5075
7865 8401
10012 1506
6224 8349
1113 5728
1721 641
8427 3399
5887 3261
7792 7417
7598 5274
9977 8834
3746 10002
318 4483
9536 4738
6445 1999
7015 9568
5665 1554
4479 3598
7962 9618
3827 7159
2177 664
744 4633
1227 916
4621 2076
1786 1581
8374 2439
4188 3337
8413 8242
8211 8837
1688 2883
6768 9208
9440 7363
5547 5458
6345 5742
8317 1002
5228 5996
9469 3354
7503 1146
6030 367
1686 3633
378 5633
3111 7014
3930 9157
3947 8157
5995 1684
8690 5431
4454 6438
596 6588
2636 3695
9151 6954
9577 9824
924 2688
9222 420
7326 5189
6068 5104
7650 2220
8472 4649
5076 5419
864 317
9090 2288
8072 4331
4982 6351
271 6616
2386 4440
1602 5535
5933 7475
9255 7357
3757 6718
7823 8299
3687 1270
1210 8691
1538 7388
9274 5871
2559 778
7173 181
5246 851
2657 3009
1786 5274
8365 3720
9317 5996
3878 6489
8833 5786
6026 352
3933 9991
3648 1276
7054 3583
5095 8838
10034 6568
1785 2735
6967 6192
8701 5534
3511 6814
7812 5250
1816 4295
9403 3195
2174 2230
8080 3495
3117 4827
2613 10036
2522 5285
1005 977
8854 182
7523 3171
7717 8922
8584 5916
3598 5389
924 3710
3210 4509
3633 3095
5147 2471
9044 6026
185 7643
2942 3835
2942 2454
6686 5154
3100 7943
5853 7103
4130 5975
3803 5111
2942 7028
3244 9923
6984 4685
4582 7931
49 3260
8655 6467
3533 1397
1452 9546
1090 1658
440 7867
8584 4862
7949 6658
5535 6121
4055 8645
2964 3142
3569 2620
5586 730
4774 680
4164 7503
3332 4604
3535 1128
4685 3764
6961 4188
9534 8093
219 5951
2968 4056
5411 3730
2197 2436
9197 9222
3583 4970
7390 6367
6832 5492
6037 470
6166 2878
5975 3213
4888 4027
2372 5668
79 6350
5338 5742
7593 6833
3097 9122
6028 7797
2148 9710
5464 1582
4635 5421
2084 276
6059 4798
3002 6438
4587 8133
4171 9854
434 652
9536 3941
6394 3881
2926 667
8348 5794
584 4003
9047 1808
3399 3511
167 4032
1850 9266
3943 6811
356 2571
7159 998
6438 7183
1283 10014
5772 152
405 5981
2246 3424
4964 182
7852 1795
1773 4681
8333 2381
2972 6494
8960 7047
6513 6074
7035 5865
1129 2928
9934 3174
1094 3171
9369 3836
3807 1241
1538 8153
9016 4641
9309 5098
7657 9166
9390 907
6713 1332
4763 3773
4071 5837
4260 7332
5260 3836
8608 9276
2450 7437
1756 2728
7518 8093
4275 1537
6515 1604
6100 4275
129 9061
4875 1152
2329 4534
7144 1796
3207 4802
2009 7715
5948 5778
2942 9044
437 9893
3370 8396
5887 380
7908 1708
6572 3601
7368 3228
4635 251
8317 1761
3960 6127
5661 6475
2911 7344
1531 1974
3306 8189
7018 4071
6175 1326
5750 1885
2347 1714
964 2056
5948 1721
6154 8472
8881 7213
7685 2761
7363 9975
4729 8615
3104 9285
4588 6790
3471 167
4827 5188
8970 1483
5421 502
6333 2928
807 1195
4528 5263
7943 7908
6208 9976
9707 6658
9090 9124
3688 8699
8268 8651
4229 214
1139 3464
8870 6554
1452 5436
4670 7796
1328 1125
1364 2810
3511 405
6074 5378
6848 9601
8189 2668
4274 3984
8852 2329
6770 6370
864 8133
6568 6643
9767 6480
472 1646
3008 5907
2436 5768
6994 3863
7671 7507
5188 5263
3216 981
8296 8903
6713 9893
4041 3423
720 5498
1901 1967
5046 5842
825 3601
7713 7520
1216 4189
3059 105
979 7190
7515 5458
7949 7083
84 2001
1662 5040
7954 5650
9124 7897
8838 590
5527 1025
826 3860
1967 5877
6474 3472
9367 2885
2268 5886
6284 5776
8050 5011
5275 9016
1105 8054
3618 8113
9237 6993
4809 6578
3495 9837
4023 5725
1105 3533
218 6230
2135 8304
1481 7212
397 7593
9486 2538
1550 8761
8805 7717
3773 9133
9752 3569
8241 2041
4189 5682
6770 4492
470 4443
596 3655
3171 5569
7520 2687
4736 3172
3091 1937
5193 9469
6351 9750
5334 3394
7002 5602
223 470
8645 9901
5871 5075
6406 5219
581 9116
7047 4330
2669 2246
4030 7813
9836 5394
7600 8807
1135 7648
5853 5875
5323 1513
6984 1518
5263 4707
4750 121
652 1798
3984 4467
7083 1729
6333 3807
6909 9934
8080 31
6203 1004
857 6326
6578 8803
3687 6830
3062 8589
4130 3364
1974 5933
7968 2961
9863 7385
4809 826
3807 3731
1423 9934
870 7922
4493 4091
1912 8803
1128 5071
2807 2837
6594 4685
6832 58
2885 354
7363 1481
9357 4360
5251 2578
1771 7158
5923 9194
5871 1846
8549 6287
1761 2390
8120 3930
5095 4842
7236 6026
6529 9836
6334 708
8072 4411
7390 8984
5394 8396
1860 7671
3857 2246
6277 1035
3569 9084
1148 84
6253 4670
3655 9710
508 6221
7597 6834
7507 1477
9752 1736
7120 6277
5095 5824
4899 8549
6 22
2797 5830
8903 1135
7954 4633
8009 6623
7813 9164
3947 129
7831 5219
1169 4030
7236 977
5138 4237
5373 1845
5320 3960
3244 291
2508 4461
8009 3244
4527 4316
7867 7122
4280 6145
979 5534
104 5275
406 1729
7877 4578
3178 6607
3178 3949
4955 6006
2770 3449
8878 5562
7753 964
8098 6127
7877 3768
9197 2619
5507 4700
8917 1893
4493 2142
6687 9012
6778 7461
3774 2133
5630 4518
2629 4930
5562 1988
6301 5690
6059 3303
9696 470
2139 3863
4870 7741
5006 4483
7741 2013
3941 7324
1646 3744
4582 5420
4580 3730
7355 6874
4528 6973
9696 3774
3858 8610
5776 7520
6834 6851
5507 8356
8610 3062
4921 3785
1681 6203
970 9625
6403 6053
9166 996
2073 4652
6592 9799
2728 6324
5772 5216
96 5162
7490 1201
3586 7198
2802 606
6150 6778
4652 7962
5211 5554
4166 5404
9799 7512
8870 6825
1164 4244
9269 6462
5140 5071
8369 4966
5045 9116
5040 81
9392 7964
8647 5334
3687 9886
3881 7471
205 1531
1937 3730
7756 9752
838 851
5410 1937
6592 1999
1474 3023
4461 4930
4274 8837
3378 9531
4921 5750
7360 6324
4960 9367
1214 7286
3378 1274
2582 3533
9977 7749
1073 8904
2611 263
263 3008
6079 4280
7158 9657
6984 2954
7213 7900
2041 5004
5875 5552
6474 392
7355 629
4493 3023
9657 1483
49 1201
3700 6815
5861 3881
6445 6607
23 2578
6259 234
3785 9375
6150 8050
8300 8881
6928 3471
8348 1008
1467 9166
5387 8227
7877 6687
8609 6287
6777 2925
6928 285
4060 1201
3683 7833
3364 1531
9367 4843
6405 7956
9357 9317
5776 7126
285 9197
6669 996
234 4229
1199 2961
4058 7192
6124 7244
7317 2837
716 7657
7281 3098
1433 7963
3201 9815
221 596
7968 5942
7111 4421
1397 9852
887 5709
5671 359
7833 5404
887 7116
1057 7732
6588 7867
9799 1004
2558 318
887 5839
1148 651
3104 9024
5839 8191
1195 8068
1201 5877
1793 245
13 2925
5464 2302
5852 9852
1008 887
6713 7244
6028 3104
9759 6626
3994 6028
7732 9578
1755 5543
1027 359
1027 8952
5830 4237
7368 4104
3394 5138
7624 5704
3964 7900
1493 4330
6124 2558
4429 8300
4819 825
2372 8086
5830 5046
5167 9249
1195 3098
5071 4351
8050 9583
9578 7931
8922 851
6626 6405
3858 5071
9659 3601
6028 9516
2864 5045
121 1790
2135 6716
9248 7956
4819 6626
370 1476
8247 5211
2302 8539
3596 3178
3216 6807
3081 9355
9369 6407
6950 9374
964 9355
265 587
8304 2522
606 2807
1433 7578
265 7624
9237 2578
9815 3930
2248 6153
5543 8953
8805 3378
838 5015
7838 9392
1983 4527
5704 1257
6 6950
1568 1983
121 9157
1568 2514
2864 6796
1022 7317
4714 269
6993 1073
7286 2802
5387 9878
96 9738
3098 3228
9583 4888
5387 7971
8369 2369
3062 7956
6992 5671
5373 5490
5842 7636
7572 6950
1592 313
5942 4982
6324 9134
269 1609
4750 1433
3581 2609
854 1642
2027 151
2961 9134
1022 4843
7833 5167
8191 6572
8300 6
1257 96
409 1642
313 4466
587 370
714 838
8369 4502
313 3020
3909 5751
619 6724
870 6955
8227 9392
3216 321
9614 1755
5751 2230
9249 8539
8318 5464
5015 6407
4502 2411
6716 2609
966 1073
3217 889
1568 2784
5751 8904
3081 8247
5211 6992
4228 2778
6724 4547
2027 5543
1755 2411
854 5464
7922 4547
4714 2784
8047 6955
3216 2778
4466 1248
1476 4198
313 5072
5072 1403
6724 1476
4228 5006
